X Coordinate,Y Coordinate,Potential Energy
1.0,4.0,-3.1104032055306026
1.05,4.0,-3.1533292259887484
1.1,4.0,-3.1972655786295023
1.1500000000000001,4.0,-3.2422387737480296
1.2000000000000002,4.0,-3.288275526462625
1.2500000000000002,4.0,-3.33540266610913
1.3000000000000003,4.0,-3.383647029699659
1.3500000000000003,4.0,-3.4330353373620466
1.4000000000000004,4.0,-3.483594047449107
1.4500000000000004,4.0,-3.5353491887632353
1.5000000000000004,4.0,-3.5883261670831383
1.5500000000000005,4.0,-3.6425495429077777
1.6000000000000005,4.0,-3.6980427770513336
1.6500000000000006,4.0,-3.7548279404368556
1.7000000000000006,4.0,-3.8129253841522637
1.7500000000000007,4.0,-3.872353365559598
1.8000000000000007,4.0,-3.9331276259991372
1.8500000000000008,4.0,-3.995260915420071
1.9000000000000008,4.0,-4.058762459119041
1.9500000000000008,4.0,-4.1236373617023165
2.000000000000001,4.0,-4.189885943438175
2.0500000000000007,4.0,-4.257503004371387
2.100000000000001,4.0,-4.326477011977557
2.1500000000000012,4.0,-4.396789208795845
2.200000000000001,4.0,-4.468412637457464
2.250000000000001,4.0,-4.5413110818961915
2.300000000000001,4.0,-4.615437925366045
2.3500000000000014,4.0,-4.6907349282864335
2.4000000000000012,4.0,-4.767130931976221
2.450000000000001,4.0,-4.844540498113102
2.5000000000000013,4.0,-4.9228624983429095
2.5500000000000016,4.0,-5.001978673925716
2.6000000000000014,4.0,-5.081752191671036
2.6500000000000012,4.0,-5.1620262296644555
2.7000000000000015,4.0,-5.2426226343360405
2.7500000000000018,4.0,-5.32334069908999
2.8000000000000016,4.0,-5.403956123713528
2.8500000000000014,4.0,-5.48422022268094
2.9000000000000017,4.0,-5.56385945867797
2.950000000000002,4.0,-5.642575384435401
3.0000000000000018,4.0,-5.720045080356289
3.0500000000000016,4.0,-5.795922176386728
3.100000000000002,4.0,-5.869838542966632
3.150000000000002,4.0,-5.941406726558212
3.200000000000002,4.0,-6.0102231891663385
3.2500000000000018,4.0,-6.075872387704217
3.300000000000002,4.0,-6.137931697758937
3.3500000000000023,4.0,-6.195977147674412
3.400000000000002,4.0,-6.249589884120344
3.450000000000002,4.0,-6.298363241612939
3.500000000000002,4.0,-6.341910238889646
3.5500000000000025,4.0,-6.379871278514734
3.6000000000000023,4.0,-6.41192178702203
3.650000000000002,4.0,-6.437779505785485
3.7000000000000024,4.0,-6.457211131679222
3.7500000000000027,4.0,-6.470038014418888
3.8000000000000025,4.0,-6.476140645637222
3.8500000000000023,4.0,-6.475461722629
3.9000000000000026,4.0,-6.468007634579928
3.950000000000003,4.0,-6.453848296302652
4.000000000000003,4.0,-6.433115337904466
4.0500000000000025,4.0,-6.405998741512971
4.100000000000003,4.0,-6.372742091381753
4.150000000000003,4.0,-6.3336366654942475
4.200000000000003,4.0,-6.289014640872809
4.250000000000003,4.0,-6.239241708876536
4.3000000000000025,4.0,-6.184709400641916
4.350000000000003,4.0,-6.125827408213951
4.400000000000003,4.0,-6.063016157062742
4.450000000000003,4.0,-5.996699844754314
4.5000000000000036,4.0,-5.927300113069249
4.550000000000003,4.0,-5.8552304711821375
4.600000000000003,4.0,-5.7808915393842195
4.650000000000003,4.0,-5.704667139163167
4.700000000000003,4.0,-5.626921218214791
4.7500000000000036,4.0,-5.547995569202068
4.800000000000003,4.0,-5.4682082790503115
4.850000000000003,4.0,-5.387852830903012
4.900000000000004,4.0,-5.307197772756948
4.950000000000004,4.0,-5.226486864190872
5.0000000000000036,4.0,-5.145939614343636
5.050000000000003,4.0,-5.065752129248009
5.100000000000003,4.0,-4.986098193747895
5.150000000000004,4.0,-4.907130521628673
5.200000000000004,4.0,-4.828982116550333
5.2500000000000036,4.0,-4.751767695335242
5.300000000000004,4.0,-4.675585133726684
5.350000000000004,4.0,-4.600516902633572
5.400000000000004,4.0,-4.526631469954348
5.450000000000004,4.0,-4.4539846492575395
5.5000000000000036,4.0,-4.3826208818803485
5.550000000000004,4.0,-4.312574443426564
5.600000000000004,4.0,-4.243870569266578
5.650000000000004,4.0,-4.176526496546983
5.700000000000005,4.0,-4.110552422494093
5.750000000000004,4.0,-4.04595238053383
5.800000000000004,4.0,-3.9827250370351357
5.850000000000004,4.0,-3.9208644123938416
5.900000000000004,4.0,-3.8603605307789373
5.950000000000005,4.0,-3.80120000322486
1.0,4.05,-3.1335130542347267
1.05,4.05,-3.1774166220301447
1.1,4.05,-3.222382017345489
1.1500000000000001,4.05,-3.2684388344466897
1.2000000000000002,4.05,-3.3156170622221524
1.2500000000000002,4.05,-3.363947003177378
1.3000000000000003,4.05,-3.4134591764028883
1.3500000000000003,4.05,-3.4641842022735876
1.4000000000000004,4.05,-3.516152666371684
1.4500000000000004,4.05,-3.5693949598359627
1.5000000000000004,4.05,-3.6239410930275433
1.5500000000000005,4.05,-3.6798204790674123
1.6000000000000005,4.05,-3.737061683446115
1.6500000000000006,4.05,-3.79569213553471
1.7000000000000006,4.05,-3.855737797444137
1.7500000000000007,4.05,-3.917222785295618
1.8000000000000007,4.05,-3.9801689375890796
1.8500000000000008,4.05,-4.044595325005147
1.9000000000000008,4.05,-4.110517695669429
1.9500000000000008,4.05,-4.177947849671679
2.000000000000001,4.05,-4.246892936500711
2.0500000000000007,4.05,-4.31735466907034
2.100000000000001,4.05,-4.389328448224023
2.1500000000000012,4.05,-4.46280239207892
2.200000000000001,4.05,-4.537756265379078
2.250000000000001,4.05,-4.614160305259873
2.300000000000001,4.05,-4.691973941583293
2.3500000000000014,4.05,-4.771144412398829
2.4000000000000012,4.05,-4.851605278240948
2.450000000000001,4.05,-4.933274843019483
2.5000000000000013,4.05,-5.016054494320388
2.5500000000000016,4.05,-5.099826982124868
2.6000000000000014,4.05,-5.184454662361286
2.6500000000000012,4.05,-5.269777740364888
2.7000000000000015,4.05,-5.355612559200576
2.7500000000000018,4.05,-5.441749988765334
2.8000000000000016,4.05,-5.527953983351538
2.8500000000000014,4.05,-5.613960387466682
2.9000000000000017,4.05,-5.699476081503224
2.950000000000002,4.05,-5.7841785694295424
3.0000000000000018,4.05,-5.867716118873194
3.0500000000000016,4.05,-5.949708568397925
3.100000000000002,4.05,-6.029748915858414
3.150000000000002,4.05,-6.107405793789125
3.200000000000002,4.05,-6.182226921256234
3.2500000000000018,4.05,-6.253743595171979
3.300000000000002,4.05,-6.321476246988871
3.3500000000000023,4.05,-6.3849410430482925
3.400000000000002,4.05,-6.443657449863981
3.450000000000002,4.05,-6.497156621811762
3.500000000000002,4.05,-6.544990402010963
3.5500000000000025,4.05,-6.586740662843081
3.6000000000000023,4.05,-6.62202865671143
3.650000000000002,4.05,-6.650524006784535
3.7000000000000024,4.05,-6.6719529475980455
3.7500000000000027,4.05,-6.686105431157589
3.8000000000000025,4.05,-6.692840748005745
3.8500000000000023,4.05,-6.692091374148196
3.9000000000000026,4.05,-6.68386484021115
3.950000000000003,4.05,-6.6682435222431184
4.000000000000003,4.05,-6.645382365471729
4.0500000000000025,4.05,-6.615504663222124
4.100000000000003,4.05,-6.5788961133705195
4.150000000000003,4.05,-6.535897455806783
4.200000000000003,4.05,-6.486896050474585
4.250000000000003,4.05,-6.4323167837052875
4.3000000000000025,4.05,-6.372612690926426
4.350000000000003,4.05,-6.308255659330884
4.400000000000003,4.05,-6.23972752972688
4.450000000000003,4.05,-6.167511858728966
4.5000000000000036,4.05,-6.092086537171598
4.550000000000003,4.05,-6.013917394136026
4.600000000000003,4.05,-5.933452853264612
4.650000000000003,4.05,-5.851119652754599
4.700000000000003,4.05,-5.767319594835233
4.7500000000000036,4.05,-5.6824272556045035
4.800000000000003,4.05,-5.596788561734439
4.850000000000003,4.05,-5.51072012586329
4.900000000000004,4.05,-5.42450922609968
4.950000000000004,4.05,-5.3384143153479755
5.0000000000000036,4.05,-5.2526659514698295
5.050000000000003,4.05,-5.1674680480768025
5.100000000000003,4.05,-5.082999356654872
5.150000000000004,4.05,-4.999415102647478
5.200000000000004,4.05,-4.916848710214125
5.2500000000000036,4.05,-4.835413562015667
5.300000000000004,4.05,-4.755204751139766
5.350000000000004,4.05,-4.676300791923607
5.400000000000004,4.05,-4.598765264840667
5.450000000000004,4.05,-4.522648377776761
5.5000000000000036,4.05,-4.447988431977088
5.550000000000004,4.05,-4.374813185794359
5.600000000000004,4.05,-4.303141113225266
5.650000000000004,4.05,-4.232982557216372
5.700000000000005,4.05,-4.164340779978623
5.750000000000004,4.05,-4.097212914193343
5.800000000000004,4.05,-4.031590820132733
5.850000000000004,4.05,-3.9674618544530333
5.900000000000004,4.05,-3.904809556833829
5.950000000000005,4.05,-3.843614260805129
1.0,4.1,-3.1563593534709193
1.05,4.1,-3.2012441069162794
1.1,4.1,-3.24724346471412
1.1500000000000001,4.1,-3.2943902779126937
1.2000000000000002,4.1,-3.3427180026738967
1.2500000000000002,4.1,-3.3922606312243078
1.3000000000000003,4.1,-3.4430526069324108
1.3500000000000003,4.1,-3.495128721129888
1.4000000000000004,4.1,-3.54852398898939
1.4500000000000004,4.1,-3.603273501434358
1.5000000000000004,4.1,-3.6594122496870862
1.5500000000000005,4.1,-3.7169749186588903
1.6000000000000005,4.1,-3.7759956449515917
1.6500000000000006,4.1,-3.8365077347745262
1.7000000000000006,4.1,-3.8985433365898023
1.7500000000000007,4.1,-3.962133062787059
1.8000000000000007,4.1,-4.027305554167133
1.8500000000000008,4.1,-4.094086980495899
1.9000000000000008,4.1,-4.1625004698943
1.9500000000000008,4.1,-4.232565459384329
2.000000000000001,4.1,-4.304296958547814
2.0500000000000007,4.1,-4.377704718019467
2.100000000000001,4.1,-4.4527922944842855
2.1500000000000012,4.1,-4.529556004052303
2.200000000000001,4.1,-4.607983756427304
2.250000000000001,4.1,-4.688053763274885
2.300000000000001,4.1,-4.769733115752724
2.3500000000000014,4.1,-4.852976228435429
2.4000000000000012,4.1,-4.93772315000978
2.450000000000001,4.1,-5.02389774531078
2.5000000000000013,4.1,-5.1114057587006005
2.5500000000000016,4.1,-5.200132775645225
2.6000000000000014,4.1,-5.28994210778283
2.6500000000000012,4.1,-5.38067263692712
2.7000000000000015,4.1,-5.47213666535873
2.7500000000000018,4.1,-5.564117833365172
2.8000000000000016,4.1,-5.656369180070387
2.8500000000000014,4.1,-5.748611439707032
2.9000000000000017,4.1,-5.840531681912088
2.950000000000002,4.1,-5.931782420325046
3.0000000000000018,4.1,-6.021981327327477
3.0500000000000016,4.1,-6.110711702397433
3.100000000000002,4.1,-6.197523845139722
3.150000000000002,4.1,-6.281937479238403
3.200000000000002,4.1,-6.363445357961334
3.2500000000000018,4.1,-6.441518153264012
3.300000000000002,4.1,-6.515610687433332
3.3500000000000023,4.1,-6.585169508063336
3.400000000000002,4.1,-6.649641734934081
3.450000000000002,4.1,-6.708485023910862
3.500000000000002,4.1,-6.761178403217599
3.5500000000000025,4.1,-6.807233648317159
3.6000000000000023,4.1,-6.846206781715457
3.650000000000002,4.1,-6.877709222659279
3.7000000000000024,4.1,-6.901418077922194
3.7500000000000027,4.1,-6.917085065935851
3.8000000000000025,4.1,-6.924543606599501
3.8500000000000023,4.1,-6.923713688205156
3.9000000000000026,4.1,-6.914604236403205
3.950000000000003,4.1,-6.897312848930462
4.000000000000003,4.1,-6.872022911437346
4.0500000000000025,4.1,-6.838998259914363
4.100000000000003,4.1,-6.798575689863395
4.150000000000003,4.1,-6.751155719564243
4.200000000000003,4.1,-6.697192086306413
4.250000000000003,4.1,-6.637180486583375
4.3000000000000025,4.1,-6.571647064890717
4.350000000000003,4.1,-6.501137115822501
4.400000000000003,4.1,-6.426204398348602
4.450000000000003,4.1,-6.347401378660696
4.5000000000000036,4.1,-6.265270628082224
4.550000000000003,4.1,-6.180337513541588
4.600000000000003,4.1,-6.093104236574346
4.650000000000003,4.1,-6.004045207251041
4.700000000000003,4.1,-5.91360368426321
4.7500000000000036,4.1,-5.822189572279685
4.800000000000003,4.1,-5.730178241845882
4.850000000000003,4.1,-5.63791022382806
4.900000000000004,4.1,-5.545691627464354
4.950000000000004,4.1,-5.453795136064424
5.0000000000000036,4.1,-5.362461444979236
5.050000000000003,4.1,-5.271901020580928
5.100000000000003,4.1,-5.182296074937859
5.150000000000004,4.1,-5.093802667306688
5.200000000000004,4.1,-5.006552859516801
5.2500000000000036,4.1,-4.920656867135824
5.300000000000004,4.1,-4.836205161584991
5.350000000000004,4.1,-4.7532704899314835
5.400000000000004,4.1,-4.671909788885275
5.450000000000004,4.1,-4.5921659776382775
5.5000000000000036,4.1,-4.514069620737959
5.550000000000004,4.1,-4.437640457356899
5.600000000000004,4.1,-4.362888797289437
5.650000000000004,4.1,-4.289816786961362
5.700000000000005,4.1,-4.218419550853446
5.750000000000004,4.1,-4.148686215172404
5.800000000000004,4.1,-4.080600821493393
5.850000000000004,4.1,-4.0141431385659025
5.900000000000004,4.1,-3.949289380620524
5.950000000000005,4.1,-3.886012840420794
1.0,4.1499999999999995,-3.1789093525134717
1.05,4.1499999999999995,-3.224777103289851
1.1,4.1499999999999995,-3.271813421164984
1.1500000000000001,4.1499999999999995,-3.3200545846958853
1.2000000000000002,4.1499999999999995,-3.3695377094321506
1.2500000000000002,4.1499999999999995,-3.4203006933838767
1.3000000000000003,4.1499999999999995,-3.4723821470542204
1.3500000000000003,4.1499999999999995,-3.525821305539715
1.4000000000000004,4.1499999999999995,-3.580657919856719
1.4500000000000004,4.1499999999999995,-3.6369321242675703
1.5000000000000004,4.1499999999999995,-3.6946842759523575
1.5500000000000005,4.1499999999999995,-3.7539547628995362
1.6000000000000005,4.1499999999999995,-3.814783775369437
1.6500000000000006,4.1499999999999995,-3.8772110357187977
1.7000000000000006,4.1499999999999995,-3.9412754807632373
1.7500000000000007,4.1499999999999995,-4.007014890201906
1.8000000000000007,4.1499999999999995,-4.074465453941393
1.8500000000000008,4.1499999999999995,-4.143661270445726
1.9000000000000008,4.1499999999999995,-4.214633767522877
1.9500000000000008,4.1499999999999995,-4.287411036259719
2.000000000000001,4.1499999999999995,-4.362017068170329
2.0500000000000007,4.1499999999999995,-4.438470885071656
2.100000000000001,4.1499999999999995,-4.516785550804803
2.1500000000000012,4.1499999999999995,-4.596967053755772
2.200000000000001,4.1499999999999995,-4.679013049292519
2.250000000000001,4.1499999999999995,-4.762911451845856
2.300000000000001,4.1499999999999995,-4.848638867566268
2.3500000000000014,4.1499999999999995,-4.93615886046277
2.4000000000000012,4.1499999999999995,-5.025420047878793
2.450000000000001,4.1499999999999995,-5.116354025318035
2.5000000000000013,4.1499999999999995,-5.208873126258689
2.5500000000000016,4.1499999999999995,-5.3028680299602735
2.6000000000000014,4.1499999999999995,-5.398205239644666
2.6500000000000012,4.1499999999999995,-5.494724465065132
2.7000000000000015,4.1499999999999995,-5.592235957543714
2.7500000000000018,4.1499999999999995,-5.690517862123331
2.8000000000000016,4.1499999999999995,-5.789313670433504
2.8500000000000014,4.1499999999999995,-5.888329878838982
2.9000000000000017,4.1499999999999995,-5.987233978716108
2.950000000000002,4.1499999999999995,-6.085652928135879
3.0000000000000018,4.1499999999999995,-6.183172275163342
3.0500000000000016,4.1499999999999995,-6.2793361201829185
3.100000000000002,4.1499999999999995,-6.373648115338614
3.150000000000002,4.1499999999999995,-6.465573700076305
3.200000000000002,4.1499999999999995,-6.554543759367317
3.2500000000000018,4.1499999999999995,-6.639959862042028
3.300000000000002,4.1499999999999995,-6.721201187923897
3.3500000000000023,4.1499999999999995,-6.797633182510414
3.400000000000002,4.1499999999999995,-6.868617887113472
3.450000000000002,4.1499999999999995,-6.9335257835621675
3.500000000000002,4.1499999999999995,-6.991748871773033
3.5500000000000025,4.1499999999999995,-7.042714574863335
3.6000000000000023,4.1499999999999995,-7.08589995191391
3.650000000000002,4.1499999999999995,-7.12084560653175
3.7000000000000024,4.1499999999999995,-7.147168623554554
3.7500000000000027,4.1499999999999995,-7.164573857995387
3.8000000000000025,4.1499999999999995,-7.172862946768662
3.8500000000000023,4.1499999999999995,-7.171940515905818
3.9000000000000026,4.1499999999999995,-7.161817207863665
3.950000000000003,4.1499999999999995,-7.1426093423417285
4.000000000000003,4.1499999999999995,-7.1145352316260855
4.0500000000000025,4.1499999999999995,-7.077908376947911
4.100000000000003,4.1499999999999995,-7.033127955085758
4.150000000000003,4.1499999999999995,-6.980667147209973
4.200000000000003,4.1499999999999995,-6.921059953239855
4.250000000000003,4.1499999999999995,-6.8548871701918035
4.3000000000000025,4.1499999999999995,-6.7827621945029914
4.350000000000003,4.1499999999999995,-6.705317244264207
4.400000000000003,4.1499999999999995,-6.623190499704982
4.450000000000003,4.1499999999999995,-6.53701454284104
4.5000000000000036,4.1499999999999995,-6.447406353256087
4.550000000000003,4.1499999999999995,-6.354958997955875
4.600000000000003,4.1499999999999995,-6.260235047641844
4.650000000000003,4.1499999999999995,-6.163761664954252
4.700000000000003,4.1499999999999995,-6.066027244578702
4.7500000000000036,4.1499999999999995,-5.96747944046796
4.800000000000003,4.1499999999999995,-5.868524389883902
4.850000000000003,4.1499999999999995,-5.769526934501807
4.900000000000004,4.1499999999999995,-5.670811641951231
4.950000000000004,4.1499999999999995,-5.572664443399175
5.0000000000000036,4.1499999999999995,-5.475334720933174
5.050000000000003,4.1499999999999995,-5.379037699893052
5.100000000000003,4.1499999999999995,-5.283957023817938
5.150000000000004,4.1499999999999995,-5.190247411766245
5.200000000000004,4.1499999999999995,-5.098037318377845
5.2500000000000036,4.1499999999999995,-5.007431535542902
5.300000000000004,4.1499999999999995,-4.918513690610395
5.350000000000004,4.1499999999999995,-4.8313486096391856
5.400000000000004,4.1499999999999995,-4.74598452535882
5.450000000000004,4.1499999999999995,-4.66245511846141
5.5000000000000036,4.1499999999999995,-4.5807813878417
5.550000000000004,4.1499999999999995,-4.50097335071281
5.600000000000004,4.1499999999999995,-4.423031577421273
5.650000000000004,4.1499999999999995,-4.3469485685210465
5.700000000000005,4.1499999999999995,-4.272709983470823
5.750000000000004,4.1499999999999995,-4.200295731391724
5.800000000000004,4.1499999999999995,-4.1296809348326455
5.850000000000004,4.1499999999999995,-4.060836777579411
5.900000000000004,4.1499999999999995,-3.993731247326064
5.950000000000005,4.1499999999999995,-3.928329783594438
1.0,4.199999999999999,-3.2011292912751435
1.05,4.199999999999999,-3.2479798934598536
1.1,4.199999999999999,-3.2960541004689796
1.1500000000000001,4.199999999999999,-3.345391785298961
1.2000000000000002,4.199999999999999,-3.396033911731606
1.2500000000000002,4.199999999999999,-3.448022497072975
1.3000000000000003,4.199999999999999,-3.50140056022409
1.3500000000000003,4.199999999999999,-3.556212052505437
1.4000000000000004,4.199999999999999,-3.612501768274892
1.4500000000000004,4.199999999999999,-3.670315231946933
1.5000000000000004,4.199999999999999,-3.7296985575352926
1.5500000000000005,4.199999999999999,-3.790698276297073
1.6000000000000005,4.199999999999999,-3.853361127449943
1.6500000000000006,4.199999999999999,-3.9177338062621283
1.7000000000000006,4.199999999999999,-3.983862663075883
1.7500000000000007,4.199999999999999,-4.051793346019059
1.8000000000000007,4.199999999999999,-4.121570379289586
1.8500000000000008,4.199999999999999,-4.193236667971356
1.9000000000000008,4.199999999999999,-4.266832919370004
1.9500000000000008,4.199999999999999,-4.342396969863613
2.000000000000001,4.199999999999999,-4.419963005276626
2.0500000000000007,4.199999999999999,-4.499560661847715
2.100000000000001,4.199999999999999,-4.581213994032844
2.1500000000000012,4.199999999999999,-4.664940294741901
2.200000000000001,4.199999999999999,-4.750748753254305
2.250000000000001,4.199999999999999,-4.838638936128932
2.300000000000001,4.199999999999999,-4.928599077083968
2.3500000000000014,4.199999999999999,-5.0206041632807725
2.4000000000000012,4.199999999999999,-5.114613807953666
2.450000000000001,4.199999999999999,-5.210569903182879
2.5000000000000013,4.199999999999999,-5.308394052153442
2.5500000000000016,4.199999999999999,-5.40798478786032
2.6000000000000014,4.199999999999999,-5.509214595315605
2.6500000000000012,4.199999999999999,-5.611926767291986
2.7000000000000015,4.199999999999999,-5.7159321398614304
2.7500000000000018,4.199999999999999,-5.821005773722399
2.8000000000000016,4.199999999999999,-5.926883670635423
2.8500000000000014,4.199999999999999,-6.033259641002756
2.9000000000000017,4.199999999999999,-6.139782468118918
2.950000000000002,4.199999999999999,-6.246053545717286
3.0000000000000018,4.199999999999999,-6.3516251962775385
3.0500000000000016,4.199999999999999,-6.455999905455241
3.100000000000002,4.199999999999999,-6.5586307293808215
3.150000000000002,4.199999999999999,-6.658923142043406
3.200000000000002,4.199999999999999,-6.756238584478917
3.2500000000000018,4.199999999999999,-6.849899950749484
3.300000000000002,4.199999999999999,-6.939199192895996
3.3500000000000023,4.199999999999999,-7.023407144671866
3.400000000000002,4.199999999999999,-7.101785550855878
3.450000000000002,4.199999999999999,-7.173601147776186
3.500000000000002,4.199999999999999,-7.238141478313743
3.5500000000000025,4.199999999999999,-7.294731952963353
3.6000000000000023,4.199999999999999,-7.342753503949554
3.650000000000002,4.199999999999999,-7.381660041560448
3.7000000000000024,4.199999999999999,-7.410994831208793
3.7500000000000027,4.199999999999999,-7.430404884267476
3.8000000000000025,4.199999999999999,-7.439652507541355
3.8500000000000023,4.199999999999999,-7.4386232884531065
3.9000000000000026,4.199999999999999,-7.42732999802691
3.950000000000003,4.199999999999999,-7.405912153320468
4.000000000000003,4.199999999999999,-7.374631268436574
4.0500000000000025,4.199999999999999,-7.3338621075562225
4.100000000000003,4.199999999999999,-7.284080504000032
4.150000000000003,4.199999999999999,-7.225848500910157
4.200000000000003,4.199999999999999,-7.159797685533999
4.250000000000003,4.199999999999999,-7.086611624878161
4.3000000000000025,4.199999999999999,-7.007008270794915
4.350000000000003,4.199999999999999,-6.921723100904542
4.400000000000003,4.199999999999999,-6.831493616921904
4.450000000000003,4.199999999999999,-6.737045654455859
4.5000000000000036,4.199999999999999,-6.6390817873438035
4.550000000000003,4.199999999999999,-6.538271950667664
4.600000000000003,4.199999999999999,-6.435246270659992
4.650000000000003,4.199999999999999,-6.330589982756413
4.700000000000003,4.199999999999999,-6.224840242770172
4.7500000000000036,4.199999999999999,-6.118484588911323
4.800000000000003,4.199999999999999,-6.011960790300419
4.850000000000003,4.199999999999999,-5.905657815745798
4.900000000000004,4.199999999999999,-5.799917669593031
4.950000000000004,4.199999999999999,-5.695037864470685
5.0000000000000036,4.199999999999999,-5.591274329498406
5.050000000000003,4.199999999999999,-5.488844583602113
5.100000000000003,4.199999999999999,-5.387931034482751
5.150000000000004,4.199999999999999,-5.2886842927947875
5.200000000000004,4.199999999999999,-5.191226417162658
5.2500000000000036,4.199999999999999,-5.095654028276781
5.300000000000004,4.199999999999999,-5.002041249329564
5.350000000000004,4.199999999999999,-4.910442445601931
5.400000000000004,4.199999999999999,-4.820894748381596
5.450000000000004,4.199999999999999,-4.733420357961401
5.5000000000000036,4.199999999999999,-4.648028627637079
5.550000000000004,4.199999999999999,-4.564717935801921
5.600000000000004,4.199999999999999,-4.483477356795577
5.650000000000004,4.199999999999999,-4.404288143439864
5.700000000000005,4.199999999999999,-4.327125035474607
5.750000000000004,4.199999999999999,-4.251957408633515
5.800000000000004,4.199999999999999,-4.178750279073139
5.850000000000004,4.199999999999999,-4.1074651774475255
5.900000000000004,4.199999999999999,-4.038060906233475
5.950000000000005,4.199999999999999,-3.970494193054659
1.0,4.249999999999999,-3.2229844733831188
1.05,4.249999999999999,-3.2708156940876423
1.1,4.249999999999999,-3.319926505502242
1.1500000000000001,4.249999999999999,-3.3703605363291755
1.2000000000000002,4.249999999999999,-3.422162782086151
1.2500000000000002,4.249999999999999,-3.4753795880474323
1.3000000000000003,4.249999999999999,-3.530058618656227
1.3500000000000003,4.249999999999999,-3.5862488107917985
1.4000000000000004,4.249999999999999,-3.6440003078579863
1.4500000000000004,4.249999999999999,-3.7033643711840774
1.5000000000000004,4.249999999999999,-3.764393264687476
1.5500000000000005,4.249999999999999,-3.8271401081334737
1.6000000000000005,4.249999999999999,-3.891658693633681
1.6500000000000006,4.249999999999999,-3.958003259244775
1.7000000000000006,4.249999999999999,-4.026228212657321
1.7500000000000007,4.249999999999999,-4.096387796996198
1.8000000000000007,4.249999999999999,-4.168535689687596
1.8500000000000008,4.249999999999999,-4.242724524184202
1.9000000000000008,4.249999999999999,-4.31900532308673
1.9500000000000008,4.249999999999999,-4.397426829870172
2.000000000000001,4.249999999999999,-4.478034725040944
2.0500000000000007,4.249999999999999,-4.560870711153115
2.100000000000001,4.249999999999999,-4.6459714497528015
2.1500000000000012,4.249999999999999,-4.733367332075939
2.200000000000001,4.249999999999999,-4.823081064301676
2.250000000000001,4.249999999999999,-4.9151260475022625
2.300000000000001,4.249999999999999,-5.009504532314983
2.3500000000000014,4.249999999999999,-5.106205529029001
2.4000000000000012,4.249999999999999,-5.20520245552659
2.450000000000001,4.249999999999999,-5.306450508708849
2.5000000000000013,4.249999999999999,-5.409883750107291
2.5500000000000016,4.249999999999999,-5.51541190384347
2.6000000000000014,4.249999999999999,-5.622916875520451
2.6500000000000012,4.249999999999999,-5.73224901462509
2.7000000000000015,4.249999999999999,-5.84322316120303
2.7500000000000018,4.249999999999999,-5.955614540489346
2.8000000000000016,4.249999999999999,-6.069154597229009
2.8500000000000014,4.249999999999999,-6.183526894701928
2.9000000000000017,4.249999999999999,-6.298363241612939
2.950000000000002,4.249999999999999,-6.4132402519775775
3.0000000000000018,4.249999999999999,-6.527676586983033
3.0500000000000016,4.249999999999999,-6.641131170442636
3.100000000000002,4.249999999999999,-6.7530027064850415
3.150000000000002,4.249999999999999,-6.862630853732185
3.200000000000002,4.249999999999999,-6.969299417382569
3.2500000000000018,4.249999999999999,-7.07224190147865
3.300000000000002,4.249999999999999,-7.170649710361361
3.3500000000000023,4.249999999999999,-7.263683194325682
3.400000000000002,4.249999999999999,-7.35048559610144
3.450000000000002,4.249999999999999,-7.430199773028004
3.500000000000002,4.249999999999999,-7.501987352134712
3.5500000000000025,4.249999999999999,-7.56504973678725
3.6000000000000023,4.249999999999999,-7.6186501466436045
3.650000000000002,4.249999999999999,-7.66213566582644
3.7000000000000024,4.249999999999999,-7.694958128426334
3.7500000000000027,4.249999999999999,-7.716692614260687
3.8000000000000025,4.249999999999999,-7.727052381701673
3.8500000000000023,4.249999999999999,-7.725899235556989
3.9000000000000026,4.249999999999999,-7.71324860708113
3.950000000000003,4.249999999999999,-7.689268984051302
4.000000000000003,4.249999999999999,-7.65427573178076
4.0500000000000025,4.249999999999999,-7.608719744094038
4.100000000000003,4.249999999999999,-7.5531717106090674
4.150000000000003,4.249999999999999,-7.488303045760604
4.200000000000003,4.249999999999999,-7.414864672906797
4.250000000000003,4.249999999999999,-7.333664887669152
4.3000000000000025,4.249999999999999,-7.245547448567315
4.350000000000003,4.249999999999999,-7.1513708825669555
4.400000000000003,4.249999999999999,-7.0519897778469565
4.450000000000003,4.249999999999999,-6.948238596724612
4.5000000000000036,4.249999999999999,-6.840918305731185
4.550000000000003,4.249999999999999,-6.730785908402895
4.600000000000003,4.249999999999999,-6.618546792900039
4.650000000000003,4.249999999999999,-6.504849677152241
4.700000000000003,4.249999999999999,-6.39028384879463
4.7500000000000036,4.249999999999999,-6.275378351299418
4.800000000000003,4.249999999999999,-6.160602754472233
4.850000000000003,4.249999999999999,-6.046369158946443
4.900000000000004,4.249999999999999,-5.933035112731123
4.950000000000004,4.249999999999999,-5.820907156433761
5.0000000000000036,4.249999999999999,-5.710244756968232
5.050000000000003,4.249999999999999,-5.601264433238802
5.100000000000003,4.249999999999999,-5.494143918619789
5.150000000000004,4.249999999999999,-5.389026242281338
5.200000000000004,4.249999999999999,-5.286023643658101
5.2500000000000036,4.249999999999999,-5.185221261363129
5.300000000000004,4.249999999999999,-5.086680559784773
5.350000000000004,4.249999999999999,-4.990442473902366
5.400000000000004,4.249999999999999,-4.896530266087169
5.450000000000004,4.249999999999999,-4.804952098436421
5.5000000000000036,4.249999999999999,-4.715703331127184
5.550000000000004,4.249999999999999,-4.628768561933477
5.600000000000004,4.249999999999999,-4.544123424919355
5.650000000000004,4.249999999999999,-4.461736167824455
5.700000000000005,4.249999999999999,-4.381569028147604
5.750000000000004,4.249999999999999,-4.303579427692439
5.800000000000004,4.249999999999999,-4.227721004592052
5.850000000000004,4.249999999999999,-4.15394450075249
5.900000000000004,4.249999999999999,-4.08219852138064
5.950000000000005,4.249999999999999,-4.012430181889726
1.0,4.299999999999999,-3.2444393512714713
1.05,4.299999999999999,-3.2932467442597546
1.1,4.299999999999999,-3.343390518909322
1.1500000000000001,4.299999999999999,-3.3949182132143774
1.2000000000000002,4.299999999999999,-3.447879030339374
1.2500000000000002,4.299999999999999,-3.5023238448477723
1.3000000000000003,4.299999999999999,-3.558305196956732
1.3500000000000003,4.299999999999999,-3.6158772722147585
1.4000000000000004,4.299999999999999,-3.675095863553317
1.4500000000000004,4.299999999999999,-3.7360183121487984
1.5000000000000004,4.299999999999999,-3.798703422938897
1.5500000000000005,4.299999999999999,-3.8632113499576075
1.6000000000000005,4.299999999999999,-3.929603445875375
1.6500000000000006,4.299999999999999,-3.997942069244762
1.7000000000000006,4.299999999999999,-4.068290341946598
1.7500000000000007,4.299999999999999,-4.140711848197047
1.8000000000000007,4.299999999999999,-4.215270265203609
1.8500000000000008,4.299999999999999,-4.292028914141968
1.9000000000000008,4.299999999999999,-4.371050218563742
1.9500000000000008,4.299999999999999,-4.452395055642272
2.000000000000001,4.299999999999999,-4.536121983833328
2.0500000000000007,4.299999999999999,-4.62228632859662
2.100000000000001,4.299999999999999,-4.710939105837043
2.1500000000000012,4.299999999999999,-4.8021257607499725
2.200000000000001,4.299999999999999,-4.895884697893106
2.250000000000001,4.299999999999999,-4.992245576699218
2.300000000000001,4.299999999999999,-5.091227345483077
2.3500000000000014,4.299999999999999,-5.192835986539301
2.4000000000000012,4.299999999999999,-5.297061945512337
2.450000000000001,4.299999999999999,-5.403877220274015
2.5000000000000013,4.299999999999999,-5.513232088602399
2.5500000000000016,4.299999999999999,-5.625051460667118
2.6000000000000014,4.299999999999999,-5.73923085245546
2.6500000000000012,4.299999999999999,-5.855631990688714
2.7000000000000015,4.299999999999999,-5.974078079418604
2.7500000000000018,4.299999999999999,-6.094348784305273
2.8000000000000016,4.299999999999999,-6.216175023409088
2.8500000000000014,4.299999999999999,-6.339233693769092
2.9000000000000017,4.299999999999999,-6.463142511201251
2.950000000000002,4.299999999999999,-6.5874551959669825
3.0000000000000018,4.299999999999999,-6.711657297447207
3.0500000000000016,4.299999999999999,-6.835163013401405
3.100000000000002,4.299999999999999,-6.957313418595527
3.150000000000002,4.299999999999999,-7.077376566189219
3.200000000000002,4.299999999999999,-7.1945499537372815
3.2500000000000018,4.299999999999999,-7.307965842621755
3.300000000000002,4.299999999999999,-7.41669987295449
3.3500000000000023,4.299999999999999,-7.51978331400851
3.400000000000002,4.299999999999999,-7.616219124715667
3.450000000000002,4.299999999999999,-7.705001767415886
3.500000000000002,4.299999999999999,-7.785140427620977
3.5500000000000025,4.299999999999999,-7.855684961263708
3.6000000000000023,4.299999999999999,-7.915753549208032
3.650000000000002,4.299999999999999,-7.964560727798133
3.7000000000000024,4.299999999999999,-8.001444230993975
3.7500000000000027,4.299999999999999,-8.025888969707605
3.8000000000000025,4.299999999999999,-8.037546522056719
3.8500000000000023,4.299999999999999,-8.036248729401617
3.9000000000000026,4.299999999999999,-8.02201437638421
3.950000000000003,4.299999999999999,-7.995048440910011
4.000000000000003,4.299999999999999,-7.9557339721783205
4.0500000000000025,4.299999999999999,-7.904617219685668
4.100000000000003,4.299999999999999,-7.8423871231817195
4.150000000000003,4.299999999999999,-7.769850626663574
4.200000000000003,4.299999999999999,-7.687905466021623
4.250000000000003,4.299999999999999,-7.597512094499566
4.3000000000000025,4.299999999999999,-7.499666272276152
4.350000000000003,4.299999999999999,-7.395373593873783
4.400000000000003,4.299999999999999,-7.285626906294993
4.450000000000003,4.299999999999999,-7.171387228178383
4.5000000000000036,4.299999999999999,-7.053568455097076
4.550000000000003,4.299999999999999,-6.933025856449078
4.600000000000003,4.299999999999999,-6.810548150992718
4.650000000000003,4.299999999999999,-6.686852795688665
4.700000000000003,4.299999999999999,-6.5625840323757245
4.7500000000000036,4.299999999999999,-6.4383131997504
4.800000000000003,4.299999999999999,-6.314540822351963
4.850000000000003,4.299999999999999,-6.1917000216079074
4.900000000000004,4.299999999999999,-6.070160845416748
4.950000000000004,4.299999999999999,-5.950235173114543
5.0000000000000036,4.299999999999999,-5.832181915074552
5.050000000000003,4.299999999999999,-5.716212285830994
5.100000000000003,4.299999999999999,-5.6024949835254265
5.150000000000004,4.299999999999999,-5.491161155114153
5.200000000000004,4.299999999999999,-5.382309065665737
5.2500000000000036,4.299999999999999,-5.276008421446418
5.300000000000004,4.299999999999999,-5.172304320995682
5.350000000000004,4.299999999999999,-5.071220826912896
5.400000000000004,4.299999999999999,-4.97276416456031
5.450000000000004,4.299999999999999,-4.876925563266927
5.5000000000000036,4.299999999999999,-4.78368376174089
5.550000000000004,4.299999999999999,-4.693007203007459
5.600000000000004,4.299999999999999,-4.6048559459106855
5.650000000000004,4.299999999999999,-4.51918332056193
5.700000000000005,4.299999999999999,-4.435937354496916
5.750000000000004,4.299999999999999,-4.355061995034003
5.800000000000004,4.299999999999999,-4.276498151653928
5.850000000000004,4.299999999999999,-4.2001845803271
5.900000000000004,4.299999999999999,-4.126058629730488
5.950000000000005,4.299999999999999,-4.054056867315815
1.0,4.349999999999999,-3.265457623612584
1.05,4.349999999999999,-3.3152344073839766
1.1,4.349999999999999,-3.3664050092412685
1.1500000000000001,4.349999999999999,-3.41902102022814
1.2000000000000002,4.349999999999999,-3.4731360170561523
1.2500000000000002,4.349999999999999,-3.528805594830784
1.3000000000000003,4.349999999999999,-3.5860873898141836
1.3500000000000003,4.349999999999999,-3.645041089697224
1.4000000000000004,4.349999999999999,-3.705728428385495
1.4500000000000004,4.349999999999999,-3.768213161758036
1.5000000000000004,4.349999999999999,-3.8325610202223164
1.5500000000000005,4.349999999999999,-3.8988396331513724
1.6000000000000005,4.349999999999999,-3.967118419434939
1.6500000000000006,4.349999999999999,-4.0374684373905
1.7000000000000006,4.349999999999999,-4.109962186146284
1.7500000000000007,4.349999999999999,-4.184673349309445
1.8000000000000007,4.349999999999999,-4.261676470252464
1.8500000000000008,4.349999999999999,-4.341046546673669
1.9000000000000008,4.349999999999999,-4.42285853020085
1.9500000000000008,4.349999999999999,-4.507186714702136
2.000000000000001,4.349999999999999,-4.594103994645148
2.0500000000000007,4.349999999999999,-4.683680972315159
2.100000000000001,4.349999999999999,-4.775984889993683
2.1500000000000012,4.349999999999999,-4.871078360363007
2.200000000000001,4.349999999999999,-4.969017865524764
2.250000000000001,4.349999999999999,-5.069851992232167
2.300000000000001,4.349999999999999,-5.1736193684247915
2.3500000000000014,4.349999999999999,-5.280346264187848
2.4000000000000012,4.349999999999999,-5.390043819196933
2.450000000000001,4.349999999999999,-5.5027048590367045
2.5000000000000013,4.349999999999999,-5.618300265123776
2.5500000000000016,4.349999999999999,-5.736774868113113
2.6000000000000014,4.349999999999999,-5.858042843600206
2.6500000000000012,4.349999999999999,-5.981982602814805
2.7000000000000015,4.349999999999999,-6.108431191176381
2.7500000000000018,4.349999999999999,-6.237178235509986
2.8000000000000016,4.349999999999999,-6.367959517887224
2.8500000000000014,4.349999999999999,-6.500450301789149
2.9000000000000017,4.349999999999999,-6.634258595489323
2.950000000000002,4.349999999999999,-6.768918608321487
3.0000000000000018,4.349999999999999,-6.90388473660999
3.0500000000000016,4.349999999999999,-7.038526504360993
3.100000000000002,4.349999999999999,-7.1721249736084625
3.150000000000002,4.349999999999999,-7.3038712216525346
3.200000000000002,4.349999999999999,-7.432867544819427
3.2500000000000018,4.349999999999999,-7.5581320748598015
3.300000000000002,4.349999999999999,-7.678607466202134
3.3500000000000023,4.349999999999999,-7.793174210989627
3.400000000000002,4.349999999999999,-7.900668947937119
3.450000000000002,4.349999999999999,-7.999907841592493
3.500000000000002,4.349999999999999,-8.08971472400693
3.5500000000000025,4.349999999999999,-8.168953231622853
3.6000000000000023,4.349999999999999,-8.236561676672995
3.650000000000002,4.349999999999999,-8.29158892359629
3.7000000000000024,4.349999999999999,-8.333229168619747
3.7500000000000027,4.349999999999999,-8.360853317721265
3.8000000000000025,4.349999999999999,-8.374034683835584
3.8500000000000023,4.349999999999999,-8.372567008188778
3.9000000000000026,4.349999999999999,-8.356473342001712
3.950000000000003,4.349999999999999,-8.326005048394089
4.000000000000003,4.349999999999999,-8.281631008272205
4.0500000000000025,4.349999999999999,-8.224017926473268
4.100000000000003,4.349999999999999,-8.154003325946217
4.150000000000003,4.349999999999999,-8.072563302672082
4.200000000000003,4.349999999999999,-7.980777345842618
4.250000000000003,4.349999999999999,-7.87979250421897
4.3000000000000025,4.349999999999999,-7.770788937364504
4.350000000000003,4.349999999999999,-7.654948492803612
4.400000000000003,4.349999999999999,-7.5334274709615325
4.450000000000003,4.349999999999999,-7.4073342489118925
4.5000000000000036,4.349999999999999,-7.277711987109534
4.550000000000003,4.349999999999999,-7.145526276693872
4.600000000000003,4.349999999999999,-7.011657315404326
4.650000000000003,4.349999999999999,-6.876896028199119
4.700000000000003,4.349999999999999,-6.741943463502458
4.7500000000000036,4.349999999999999,-6.607412780525024
4.800000000000003,4.349999999999999,-6.473833178190281
4.850000000000003,4.349999999999999,-6.3416551837539314
4.900000000000004,4.349999999999999,-6.2112568039213665
4.950000000000004,4.349999999999999,-6.082950131373112
5.0000000000000036,4.349999999999999,-5.956988086852907
5.050000000000003,4.349999999999999,-5.833571056197565
5.100000000000003,4.349999999999999,-5.712853250188109
5.150000000000004,4.349999999999999,-5.594948671969301
5.200000000000004,4.349999999999999,-5.479936622312916
5.2500000000000036,4.349999999999999,-5.367866708204204
5.300000000000004,4.349999999999999,-5.258763346488623
5.350000000000004,4.349999999999999,-5.152629773117936
5.400000000000004,4.349999999999999,-5.049451581325984
5.450000000000004,4.349999999999999,-4.949199820153422
5.5000000000000036,4.349999999999999,-4.851833689256071
5.550000000000004,4.349999999999999,-4.757302867812835
5.600000000000004,4.349999999999999,-4.6655495153537005
5.650000000000004,4.349999999999999,-4.576509981051787
5.700000000000005,4.349999999999999,-4.490116255922196
5.750000000000004,4.349999999999999,-4.406297199785487
5.800000000000004,4.349999999999999,-4.32497957203441
5.850000000000004,4.349999999999999,-4.246088892364602
5.900000000000004,4.349999999999999,-4.16955015481374
5.950000000000005,4.349999999999999,-4.095288415776822
1.0,4.399999999999999,-3.2860023452822245
1.05,4.399999999999999,-3.3367392872059973
1.1,4.399999999999999,-3.3889279529936776
1.1500000000000001,4.399999999999999,-3.4426241184069806
1.2000000000000002,4.399999999999999,-3.4978858870325573
1.2500000000000002,4.399999999999999,-3.5547737528018613
1.3000000000000003,4.399999999999999,-3.61335065505201
1.3500000000000003,4.399999999999999,-3.6736820237478978
1.4000000000000004,4.399999999999999,-3.735835812005387
1.4500000000000004,4.399999999999999,-3.7998825124889017
1.5000000000000004,4.399999999999999,-3.8658951535898374
1.5500000000000005,4.399999999999999,-3.93394927050882
1.6000000000000005,4.399999999999999,-4.004122845446798
1.6500000000000006,4.399999999999999,-4.076496210036743
1.7000000000000006,4.399999999999999,-4.15115190189702
1.7500000000000007,4.399999999999999,-4.228174465734633
1.8000000000000007,4.399999999999999,-4.307650187745674
1.8500000000000008,4.399999999999999,-4.389666750124485
1.9000000000000008,4.399999999999999,-4.474312790275924
1.9500000000000008,4.399999999999999,-4.561677346802307
2.000000000000001,4.399999999999999,-4.651849171489038
2.0500000000000007,4.399999999999999,-4.74491588332996
2.100000000000001,4.399999999999999,-4.840962937119284
2.1500000000000012,4.399999999999999,-4.940072375317393
2.200000000000001,4.399999999999999,-5.042321327831138
2.250000000000001,4.399999999999999,-5.147780220139379
2.300000000000001,4.399999999999999,-5.256510646008757
2.3500000000000014,4.399999999999999,-5.368562857136075
2.4000000000000012,4.399999999999999,-5.483972818788551
2.450000000000001,4.399999999999999,-5.602758778404507
2.5000000000000013,4.399999999999999,-5.724917293862255
2.5500000000000016,4.399999999999999,-5.850418670648114
2.6000000000000014,4.399999999999999,-5.979201763645971
2.6500000000000012,4.399999999999999,-6.1111681112227165
2.7000000000000015,4.399999999999999,-6.246175388503328
2.7500000000000018,4.399999999999999,-6.384030195320759
2.8000000000000016,4.399999999999999,-6.52448023461019
2.8500000000000014,4.399999999999999,-6.667205991364872
2.9000000000000017,4.399999999999999,-6.8118120928021995
2.950000000000002,4.399999999999999,-6.957818618506922
3.0000000000000018,4.399999999999999,-7.104652735036306
3.0500000000000016,4.399999999999999,-7.251641150519364
3.100000000000002,4.399999999999999,-7.398004015528771
3.150000000000002,4.399999999999999,-7.54285102680814
3.200000000000002,4.399999999999999,-7.6851806046502364
3.2500000000000018,4.399999999999999,-7.823883091219754
3.300000000000002,4.399999999999999,-7.957748928868923
3.3500000000000023,4.399999999999999,-8.08548269427306
3.400000000000002,4.399999999999999,-8.205723656915955
3.450000000000002,4.399999999999999,-8.31707317775743
3.500000000000002,4.399999999999999,-8.41812876070621
3.5500000000000025,4.399999999999999,-8.507523935653435
3.6000000000000023,4.399999999999999,-8.583972438642018
3.650000000000002,4.399999999999999,-8.6463144461931
3.7000000000000024,4.399999999999999,-8.693562026139306
3.7500000000000027,4.399999999999999,-8.724940604187445
3.8000000000000025,4.399999999999999,-8.739923215147568
3.8500000000000023,4.399999999999999,-8.73825466801532
3.9000000000000026,4.399999999999999,-8.719963497332557
3.950000000000003,4.399999999999999,-8.685360618791236
4.000000000000003,4.399999999999999,-8.6350248117605
4.0500000000000025,4.399999999999999,-8.569776337909342
4.100000000000003,4.399999999999999,-8.490640999938163
4.150000000000003,4.399999999999999,-8.398807615217597
4.200000000000003,4.399999999999999,-8.295582159570333
4.250000000000003,4.399999999999999,-8.182341733193628
4.3000000000000025,4.399999999999999,-8.060491082258688
4.350000000000003,4.399999999999999,-7.931423782813146
4.400000000000003,4.399999999999999,-7.7964894760203975
4.450000000000003,4.399999999999999,-7.6569678407350565
4.5000000000000036,4.399999999999999,-7.514049378637936
4.550000000000003,4.399999999999999,-7.368822613374803
4.600000000000003,4.399999999999999,-7.222266982583444
4.650000000000003,4.399999999999999,-7.075250521279621
4.700000000000003,4.399999999999999,-6.928531373291946
4.7500000000000036,4.399999999999999,-6.782762194502982
4.800000000000003,4.399999999999999,-6.638496597703771
4.850000000000003,4.399999999999999,-6.4961969078388035
4.900000000000004,4.399999999999999,-6.3562426278751545
4.950000000000004,4.399999999999999,-6.218939144987013
5.0000000000000036,4.399999999999999,-6.084526325054451
5.050000000000003,4.399999999999999,-5.953186745767361
5.100000000000003,4.399999999999999,-5.825053403169375
5.150000000000004,4.399999999999999,-5.700216793627644
5.200000000000004,4.399999999999999,-5.578731324566362
5.2500000000000036,4.399999999999999,-5.460621045056145
5.300000000000004,4.399999999999999,-5.345884713888001
5.350000000000004,4.399999999999999,-5.234500240366964
5.400000000000004,4.399999999999999,-5.126428543785813
5.450000000000004,4.399999999999999,-5.021616883127852
5.5000000000000036,4.399999999999999,-4.920001710429044
5.550000000000004,4.399999999999999,-4.821511100538215
5.600000000000004,4.399999999999999,-4.726066807624772
5.650000000000004,4.399999999999999,-4.633585995353647
5.700000000000005,4.399999999999999,-4.543982683658009
5.750000000000004,4.399999999999999,-4.457168950832513
5.800000000000004,4.399999999999999,-4.373055925477519
5.850000000000004,4.399999999999999,-4.291554598800939
5.900000000000004,4.399999999999999,-4.212576484022334
5.950000000000005,4.399999999999999,-4.136034146174735
1.0,4.449999999999998,-3.3060360499063175
1.05,4.449999999999998,-3.3577213580820846
1.1,4.449999999999998,-3.4109165727917774
1.1500000000000001,4.449999999999998,-3.465681771748005
1.2000000000000002,4.449999999999998,-3.5220797234898678
1.2500000000000002,4.449999999999998,-3.580175983035258
1.3000000000000003,4.449999999999998,-3.640038983104314
1.3500000000000003,4.449999999999998,-3.7017401187636416
1.4000000000000004,4.449999999999998,-3.7653538228602583
1.4500000000000004,4.449999999999998,-3.8309576290404284
1.5000000000000004,4.449999999999998,-3.8986322184652082
1.5500000000000005,4.449999999999998,-3.968461445521863
1.6000000000000005,4.449999999999998,-4.040532336866287
1.6500000000000006,4.449999999999998,-4.114935056990236
1.7000000000000006,4.449999999999998,-4.191762832159448
1.7500000000000007,4.449999999999998,-4.271111822981702
1.8000000000000007,4.449999999999998,-4.353080934000898
1.8500000000000008,4.449999999999998,-4.437771546534654
1.9000000000000008,4.449999999999998,-4.525287158435921
1.9500000000000008,4.449999999999998,-4.615732911520165
2.000000000000001,4.449999999999998,-4.709214984015636
2.0500000000000007,4.449999999999998,-4.805839821526777
2.100000000000001,4.449999999999998,-4.9057131756208
2.1500000000000012,4.449999999999998,-5.008938914243242
2.200000000000001,4.449999999999998,-5.115617562755736
2.250000000000001,4.449999999999998,-5.2258445285273325
2.300000000000001,4.449999999999998,-5.339707955820838
2.3500000000000014,4.449999999999998,-5.457286151409823
2.4000000000000012,4.449999999999998,-5.578644515276152
2.450000000000001,4.449999999999998,-5.703831905377972
2.5000000000000013,4.449999999999998,-5.832876361573373
2.5500000000000016,4.449999999999998,-5.965780112353009
2.6000000000000014,4.449999999999998,-6.102513790454125
2.6500000000000012,4.449999999999998,-6.243009791511024
2.7000000000000015,4.449999999999998,-6.387154725955369
2.7500000000000018,4.449999999999998,-6.534780941261892
2.8000000000000016,4.449999999999998,-6.685657132704415
2.8500000000000014,4.449999999999998,-6.839478119799196
2.9000000000000017,4.449999999999998,-6.995853946431164
2.950000000000002,4.449999999999998,-7.154298568739124
3.0000000000000018,4.449999999999998,-7.314218528392079
3.0500000000000016,4.449999999999998,-7.474902169681215
3.100000000000002,4.449999999999998,-7.6355101425691
3.150000000000002,4.449999999999998,-7.795068130151986
3.200000000000002,4.449999999999998,-7.9524629295323415
3.2500000000000018,4.449999999999998,-8.106443171837896
3.300000000000002,4.449999999999998,-8.255626051951996
3.3500000000000023,4.449999999999998,-8.3985114050726
3.400000000000002,4.449999999999998,-8.533504266066208
3.450000000000002,4.449999999999998,-8.658946635603824
3.500000000000002,4.449999999999998,-8.773158530834648
3.5500000000000025,4.449999999999998,-8.874487529781485
3.6000000000000023,4.449999999999998,-8.96136498895495
3.650000000000002,4.449999999999998,-9.032366040001326
3.7000000000000024,4.449999999999998,-9.08626951958554
3.7500000000000027,4.449999999999998,-9.122113347768803
3.8000000000000025,4.449999999999998,-9.139240718489528
3.8500000000000023,4.449999999999998,-9.137332911860735
3.9000000000000026,4.449999999999998,-9.11642558694192
3.950000000000003,4.449999999999998,-9.076906946897784
4.000000000000003,4.449999999999998,-9.019497959204006
4.0500000000000025,4.449999999999998,-8.94521657475037
4.100000000000003,4.449999999999998,-8.855329341272958
4.150000000000003,4.449999999999998,-8.751294740443065
4.200000000000003,4.449999999999998,-8.634702900263543
4.250000000000003,4.449999999999998,-8.507216073736622
4.3000000000000025,4.449999999999998,-8.370513558128161
4.350000000000003,4.449999999999998,-8.226243738166609
4.400000000000003,4.449999999999998,-8.07598485967721
4.450000000000003,4.449999999999998,-7.9212151351091995
4.5000000000000036,4.449999999999998,-7.763291955150947
4.550000000000003,4.449999999999998,-7.603439381651366
4.600000000000003,4.449999999999998,-7.44274272997645
4.650000000000003,4.449999999999998,-7.282148885140991
4.700000000000003,4.449999999999998,-7.122470990226708
4.7500000000000036,4.449999999999998,-6.9643962483038235
4.800000000000003,4.449999999999998,-6.808495745307609
4.850000000000003,4.449999999999998,-6.655235394933943
4.900000000000004,4.449999999999998,-6.504987301597395
4.950000000000004,4.449999999999998,-6.358041017231283
5.0000000000000036,4.449999999999998,-6.2146143232425155
5.050000000000003,4.449999999999998,-6.074863296915006
5.100000000000003,4.449999999999998,-5.938891522351599
5.150000000000004,4.449999999999998,-5.806758382202677
5.200000000000004,4.449999999999998,-5.678486421541668
5.2500000000000036,4.449999999999998,-5.554067813188838
5.300000000000004,4.449999999999998,-5.43346997824869
5.350000000000004,4.449999999999998,-5.316640429878831
5.400000000000004,4.449999999999998,-5.203510915089997
5.450000000000004,4.449999999999998,-5.094000930895736
5.5000000000000036,4.449999999999998,-4.98802068910611
5.550000000000004,4.449999999999998,-4.885473599792893
5.600000000000004,4.449999999999998,-4.7862583378982695
5.650000000000004,4.449999999999998,-4.690270551294946
5.700000000000005,4.449999999999998,-4.597404262300619
5.750000000000004,4.449999999999998,-4.50755300851189
5.800000000000004,4.449999999999998,-4.42061076304323
5.850000000000004,4.449999999999998,-4.336472668942715
5.900000000000004,4.449999999999998,-4.255035617756564
5.950000000000005,4.449999999999998,-4.176198697938704
1.0,4.499999999999998,-3.325520884872412
1.05,4.499999999999998,-3.378140109458872
1.1,4.499999999999998,-3.432327491764376
1.1500000000000001,4.499999999999998,-3.4881475118477434
1.2000000000000002,4.499999999999998,-3.5456677232671696
1.2500000000000002,4.499999999999998,-3.604958885193506
1.3000000000000003,4.499999999999998,-3.666095093676018
1.3500000000000003,4.499999999999998,-3.7291539102305657
1.4000000000000004,4.499999999999998,-3.7942164854537355
1.4500000000000004,4.499999999999998,-3.8613676748022616
1.5000000000000004,4.499999999999998,-3.9306961429961484
1.5500000000000005,4.499999999999998,-4.0022944526836035
1.6000000000000005,4.499999999999998,-4.076259132019933
1.6500000000000006,4.499999999999998,-4.152690714629773
1.7000000000000006,4.499999999999998,-4.231693744006482
1.7500000000000007,4.499999999999998,-4.313376732712437
1.8000000000000007,4.499999999999998,-4.39785206473138
1.8500000000000008,4.499999999999998,-4.485235826934918
1.9000000000000008,4.499999999999998,-4.575647552798793
1.9500000000000008,4.499999999999998,-4.669209858174277
2.000000000000001,4.499999999999998,-4.766047945014986
2.0500000000000007,4.499999999999998,-4.866288944406113
2.100000000000001,4.499999999999998,-4.970061064970775
2.1500000000000012,4.499999999999998,-5.077492506674458
2.200000000000001,4.499999999999998,-5.188710093170572
2.250000000000001,4.499999999999998,-5.303837568118537
2.300000000000001,4.499999999999998,-5.4229934924078105
2.3500000000000014,4.499999999999998,-5.546288670069028
2.4000000000000012,4.499999999999998,-5.673823021106902
2.450000000000001,4.499999999999998,-5.805681809990739
2.5000000000000013,4.499999999999998,-5.941931129783718
2.5500000000000016,4.499999999999998,-6.08261253492253
2.6000000000000014,4.499999999999998,-6.22773671197126
2.6500000000000012,4.499999999999998,-6.377276079346476
2.7000000000000015,4.499999999999998,-6.531156216841786
2.7500000000000018,4.499999999999998,-6.689246047411462
2.8000000000000016,4.499999999999998,-6.851346731673479
2.8500000000000014,4.499999999999998,-7.017179295445784
2.9000000000000017,4.499999999999998,-7.186371098540842
2.950000000000002,4.499999999999998,-7.3584413754537925
3.0000000000000018,4.499999999999998,-7.532786241244328
3.0500000000000016,4.499999999999998,-7.7086637623838765
3.100000000000002,4.499999999999998,-7.885179941717494
3.150000000000002,4.499999999999998,-8.061276750608078
3.200000000000002,4.499999999999998,-8.235723640358737
3.2500000000000018,4.499999999999998,-8.407114245028009
3.300000000000002,4.499999999999998,-8.573870197391882
3.3500000000000023,4.499999999999998,-8.734254050652957
3.400000000000002,4.499999999999998,-8.886393150254094
3.450000000000002,4.499999999999998,-9.028315852875068
3.500000000000002,4.499999999999998,-9.158000684107066
3.5500000000000025,4.499999999999998,-9.273437850685829
3.6000000000000023,4.499999999999998,-9.372701041222902
3.650000000000002,4.499999999999998,-9.454025819311786
3.7000000000000024,4.499999999999998,-9.515889385374626
3.7500000000000027,4.499999999999998,-9.55708536856063
3.8000000000000025,4.499999999999998,-9.576786910714743
3.8500000000000023,4.499999999999998,-9.574591831762454
3.9000000000000026,4.499999999999998,-9.55054515876676
3.950000000000003,4.499999999999998,-9.505136585473977
4.000000000000003,4.499999999999998,-9.439273139313663
4.0500000000000025,4.499999999999998,-9.35422999396247
4.100000000000003,4.499999999999998,-9.25158451579598
4.150000000000003,4.499999999999998,-9.133139939316028
4.200000000000003,4.499999999999998,-9.00084539910167
4.250000000000003,4.499999999999998,-8.856718482280149
4.3000000000000025,4.499999999999998,-8.702775242321259
4.350000000000003,4.499999999999998,-8.540971043282509
4.400000000000003,4.499999999999998,-8.373153985838464
4.450000000000003,4.499999999999998,-8.20103123626058
4.5000000000000036,4.499999999999998,-8.02614747558901
4.550000000000003,4.499999999999998,-7.849873955193335
4.600000000000003,4.499999999999998,-7.673406263206305
4.650000000000003,4.499999999999998,-7.497768808538126
4.700000000000003,4.499999999999998,-7.323824133953112
4.7500000000000036,4.499999999999998,-7.152285398369537
4.800000000000003,4.499999999999998,-6.9837306559012235
4.850000000000003,4.499999999999998,-6.818617857377274
4.900000000000004,4.499999999999998,-6.657299778232501
4.950000000000004,4.499999999999998,-6.5000383178388095
5.0000000000000036,4.499999999999998,-6.347017812948752
5.050000000000003,4.499999999999998,-6.198357162154347
5.100000000000003,4.499999999999998,-6.054120673274589
5.150000000000004,4.499999999999998,-5.91432762736704
5.200000000000004,4.499999999999998,-5.778960608063773
5.2500000000000036,4.499999999999998,-5.647972679248014
5.300000000000004,4.499999999999998,-5.521293513023906
5.350000000000004,4.499999999999998,-5.398834577868788
5.400000000000004,4.499999999999998,-5.2804934972593776
5.450000000000004,4.499999999999998,-5.166157684573493
5.5000000000000036,4.499999999999998,-5.055707352638928
5.550000000000004,4.499999999999998,-4.9490179873267435
5.600000000000004,4.499999999999998,-4.845962365031578
5.650000000000004,4.499999999999998,-4.746412184385237
5.700000000000005,4.499999999999998,-4.6502393735124885
5.750000000000004,4.499999999999998,-4.557317125789842
5.800000000000004,4.499999999999998,-4.467520709521694
5.850000000000004,4.499999999999998,-4.38072809023717
5.900000000000004,4.499999999999998,-4.29682039841778
5.950000000000005,4.499999999999998,-4.215682270342897
1.0,4.549999999999998,-3.344418758506913
1.05,4.549999999999998,-3.3979547043060037
1.1,4.549999999999998,-3.453116903917251
1.1500000000000001,4.549999999999998,-3.509974320883124
1.2000000000000002,4.549999999999998,-3.568599393036277
1.2500000000000002,4.549999999999998,-3.6290682043330413
1.3000000000000003,4.549999999999998,-3.6914606599885036
1.3500000000000003,4.549999999999998,-3.7558606635023906
1.4000000000000004,4.549999999999998,-3.822356293729983
1.4500000000000004,4.549999999999998,-3.891039979617527
1.5000000000000004,4.549999999999998,-3.962008669566237
1.5500000000000005,4.549999999999998,-4.035363991587664
1.6000000000000005,4.549999999999998,-4.111212399435874
1.6500000000000006,4.549999999999998,-4.1896652987125504
1.7000000000000006,4.549999999999998,-4.270839145497072
1.7500000000000007,4.549999999999998,-4.354855508304376
1.8000000000000007,4.549999999999998,-4.441841082059534
1.8500000000000008,4.549999999999998,-4.531927640230231
1.9000000000000008,4.549999999999998,-4.6252519081965815
1.9500000000000008,4.549999999999998,-4.721955337270283
2.000000000000001,4.549999999999998,-4.822183754398959
2.0500000000000007,4.549999999999998,-4.926086857392856
2.100000000000001,4.549999999999998,-5.03381751936796
2.1500000000000012,4.549999999999998,-5.145530858886822
2.200000000000001,4.549999999999998,-5.261383023875621
2.250000000000001,4.549999999999998,-5.381529627701523
2.300000000000001,4.549999999999998,-5.50612376474565
2.3500000000000014,4.549999999999998,-5.6353135204120015
2.4000000000000012,4.549999999999998,-5.769238876894651
2.450000000000001,4.549999999999998,-5.908027901486713
2.5000000000000013,4.549999999999998,-6.051792089323666
2.5500000000000016,4.549999999999998,-6.200620718163133
2.6000000000000014,4.549999999999998,-6.354574060602013
2.6500000000000012,4.549999999999998,-6.513675291236533
2.7000000000000015,4.549999999999998,-6.677900925853407
2.7500000000000018,4.549999999999998,-6.847169641180415
2.8000000000000016,4.549999999999998,-7.021329352857598
2.8500000000000014,4.549999999999998,-7.200142483589382
2.9000000000000017,4.549999999999998,-7.383269442036459
2.950000000000002,4.549999999999998,-7.570250466394875
3.0000000000000018,4.549999999999998,-7.760486175789982
3.0500000000000016,4.549999999999998,-7.953217427408772
3.100000000000002,4.549999999999998,-8.147505403499684
3.150000000000002,4.549999999999998,-8.342213247452403
3.200000000000002,4.549999999999998,-8.535991015487674
3.2500000000000018,4.549999999999998,-8.727266172449154
3.300000000000002,4.549999999999998,-8.914242271686897
3.3500000000000023,4.549999999999998,-9.094908723617559
3.400000000000002,4.549999999999998,-9.267064550240763
3.450000000000002,4.549999999999998,-9.42835860405743
3.500000000000002,4.549999999999998,-9.576347774145338
3.5500000000000025,4.549999999999998,-9.70857314277114
3.6000000000000023,4.549999999999998,-9.822651937379392
3.650000000000002,4.549999999999998,-9.916380646564523
3.7000000000000024,4.549999999999998,-9.987842207782757
3.7500000000000027,4.549999999999998,-10.035508233756822
3.8000000000000025,4.549999999999998,-10.058326354799066
3.8500000000000023,4.549999999999998,-10.055783319144231
3.9000000000000026,4.549999999999998,-10.027936633777701
3.950000000000003,4.549999999999998,-9.975410991159771
4.000000000000003,4.549999999999998,-9.899359910263342
4.0500000000000025,4.549999999999998,-9.801397120150245
4.100000000000003,4.549999999999998,-9.683505451156554
4.150000000000003,4.549999999999998,-9.547932831839503
4.200000000000003,4.549999999999998,-9.39708524315466
4.250000000000003,4.549999999999998,-9.233425342618219
4.3000000000000025,4.549999999999998,-9.059383382748619
4.350000000000003,4.549999999999998,-8.877284546886058
4.400000000000003,4.549999999999998,-8.689294396267242
4.450000000000003,4.549999999999998,-8.497382104915877
4.5000000000000036,4.549999999999998,-8.303299721037007
4.550000000000003,4.549999999999998,-8.108574853242288
4.600000000000003,4.549999999999998,-7.914513854437107
4.650000000000003,4.549999999999998,-7.7222126342908135
4.700000000000003,4.549999999999998,-7.532572534389247
4.7500000000000036,4.549999999999998,-7.346319128456809
4.800000000000003,4.549999999999998,-7.164022273314558
4.850000000000003,4.549999999999998,-6.986116175346389
4.900000000000004,4.549999999999998,-6.812918619339083
4.950000000000004,4.549999999999998,-6.644648818347282
5.0000000000000036,4.549999999999998,-6.481443584262659
5.050000000000003,4.549999999999998,-6.323371695932142
5.100000000000003,4.549999999999998,-6.170446465218742
5.150000000000004,4.549999999999998,-6.022636582333484
5.200000000000004,4.549999999999998,-5.879875370353523
5.2500000000000036,4.549999999999998,-5.742068603892054
5.300000000000004,4.549999999999998,-5.609101055537403
5.350000000000004,4.549999999999998,-5.480841931457584
5.400000000000004,4.549999999999998,-5.357149348590503
5.450000000000004,4.549999999999998,-5.237873993070034
5.5000000000000036,4.549999999999998,-5.122862085028009
5.550000000000004,4.549999999999998,-5.01195776002989
5.600000000000004,4.549999999999998,-4.9050049630116
5.650000000000004,4.549999999999998,-4.801848937194315
5.700000000000005,4.549999999999998,-4.702337378322865
5.750000000000004,4.549999999999998,-4.606321313797665
5.800000000000004,4.549999999999998,-4.5136557568405795
5.850000000000004,4.549999999999998,-4.424200177679435
5.900000000000004,4.549999999999998,-4.3378188267468385
5.950000000000005,4.549999999999998,-4.254380938944899
1.0,4.599999999999998,-3.3626914989221603
1.05,4.599999999999998,-3.4171241510229553
1.1,4.599999999999998,-3.473240760061259
1.1500000000000001,4.599999999999998,-3.531114832545752
1.2000000000000002,4.599999999999998,-3.5908237662343216
1.2500000000000002,4.599999999999998,-3.6524490648121573
1.3000000000000003,4.599999999999998,-3.716076560594252
1.3500000000000003,4.599999999999998,-3.7817966443663438
1.4000000000000004,4.599999999999998,-3.8497045010941067
1.4500000000000004,4.599999999999998,-3.9199003497481
1.5000000000000004,4.599999999999998,-3.9924896848892155
1.5500000000000005,4.599999999999998,-4.067583516908754
1.6000000000000005,4.599999999999998,-4.145298606885788
1.6500000000000006,4.599999999999998,-4.225757690871835
1.7000000000000006,4.599999999999998,-4.309089686990513
1.7500000000000007,4.599999999999998,-4.3954298769891
1.8000000000000007,4.599999999999998,-4.484920051729421
1.8500000000000008,4.599999999999998,-4.577708607473073
1.9000000000000008,4.599999999999998,-4.6739505766007
1.9500000000000008,4.599999999999998,-4.773807572489015
2.000000000000001,4.599999999999998,-4.877447623514832
2.0500000000000007,4.599999999999998,-4.985044865403788
2.100000000000001,4.599999999999998,-5.096779054212586
2.1500000000000012,4.599999999999998,-5.212834853927442
2.200000000000001,4.599999999999998,-5.333400842763264
2.250000000000001,4.599999999999998,-5.458668170537427
2.300000000000001,4.599999999999998,-5.588828785760543
2.3500000000000014,4.599999999999998,-5.724073135165586
2.4000000000000012,4.599999999999998,-5.864587220201799
2.450000000000001,4.599999999999998,-6.010548874617184
2.5000000000000013,4.599999999999998,-6.162123104958229
2.5500000000000016,4.599999999999998,-6.3194563123311545
2.6000000000000014,4.599999999999998,-6.48266919037984
2.6500000000000012,4.599999999999998,-6.651848073267433
2.7000000000000015,4.599999999999998,-6.827034491803379
2.7500000000000018,4.599999999999998,-7.0082126906280795
2.8000000000000016,4.599999999999998,-7.195294871514028
2.8500000000000014,4.599999999999998,-7.388103966884721
2.9000000000000017,4.599999999999998,-7.5863538260733945
2.950000000000002,4.599999999999998,-7.789626830211011
3.0000000000000018,4.599999999999998,-7.99734915813783
3.0500000000000016,4.599999999999998,-8.20471549375413
3.100000000000002,4.599999999999998,-8.405118709467406
3.150000000000002,4.599999999999998,-8.608296045564728
3.200000000000002,4.599999999999998,-8.820823142346315
3.2500000000000018,4.599999999999998,-9.034854120366603
3.300000000000002,4.599999999999998,-9.245161078845092
3.3500000000000023,4.599999999999998,-9.449422251890104
3.400000000000002,4.599999999999998,-9.64505040182843
3.450000000000002,4.599999999999998,-9.829235575702581
3.500000000000002,4.599999999999998,-9.999012764165863
3.5500000000000025,4.599999999999998,-10.151355603346316
3.6000000000000023,4.599999999999998,-10.283294268800345
3.650000000000002,4.599999999999998,-10.392051955329494
3.7000000000000024,4.599999999999998,-10.475190357842315
3.7500000000000027,4.599999999999998,-10.53075118666697
3.8000000000000025,4.599999999999998,-10.557112263470561
3.8500000000000023,4.599999999999998,-10.554540281768732
3.9000000000000026,4.599999999999998,-10.531342669127564
3.950000000000003,4.599999999999998,-10.484702500346078
4.000000000000003,4.599999999999998,-10.40510668567616
4.0500000000000025,4.599999999999998,-10.291607277335132
4.100000000000003,4.599999999999998,-10.155357383736419
4.150000000000003,4.599999999999998,-9.999286408865137
4.200000000000003,4.599999999999998,-9.826385922014156
4.250000000000003,4.599999999999998,-9.639678728857966
4.3000000000000025,4.599999999999998,-9.442105495179051
4.350000000000003,4.599999999999998,-9.236436214585193
4.400000000000003,4.599999999999998,-9.025207700076972
4.450000000000003,4.599999999999998,-8.811030748916336
4.5000000000000036,4.599999999999998,-8.595380255037382
4.550000000000003,4.599999999999998,-8.379913114226312
4.600000000000003,4.599999999999998,-8.166228950378697
4.650000000000003,4.599999999999998,-7.955482210197719
4.700000000000003,4.599999999999998,-7.7485954619104405
4.7500000000000036,4.599999999999998,-7.5462865525741165
4.800000000000003,4.599999999999998,-7.349095985981283
4.850000000000003,4.599999999999998,-7.15741317849136
4.900000000000004,4.599999999999998,-6.9715007539812115
4.950000000000004,4.599999999999998,-6.791516424657087
5.0000000000000036,4.599999999999998,-6.6175322834154935
5.050000000000003,4.599999999999998,-6.449551523776455
5.100000000000003,4.599999999999998,-6.287522724405681
5.150000000000004,4.599999999999998,-6.1313519046387865
5.200000000000004,4.599999999999998,-5.980912590184477
5.2500000000000036,4.599999999999998,-5.8360541361820975
5.300000000000004,4.599999999999998,-5.696608546992891
5.350000000000004,4.599999999999998,-5.562396015020383
5.400000000000004,4.599999999999998,-5.433229379021971
5.450000000000004,4.599999999999998,-5.308917678826919
5.5000000000000036,4.599999999999998,-5.18926896004836
5.550000000000004,4.599999999999998,-5.0740924604189805
5.600000000000004,4.599999999999998,-4.963200289403396
5.650000000000004,4.599999999999998,-4.856408695000706
5.700000000000005,4.599999999999998,-4.753538996177987
5.750000000000004,4.599999999999998,-4.654418246063286
5.800000000000004,4.599999999999998,-4.558879679696024
5.850000000000004,4.599999999999998,-4.466762990570562
5.900000000000004,4.599999999999998,-4.377914472194773
5.950000000000005,4.599999999999998,-4.292187054207556
1.0,4.649999999999998,-3.3803010238281757
1.05,4.649999999999998,-3.435607488100874
1.1,4.649999999999998,-3.4926549685743207
1.1500000000000001,4.649999999999998,-3.5515215502239132
1.2000000000000002,4.649999999999998,-3.6122896400467273
1.2500000000000002,4.649999999999998,-3.6750462275028486
1.3000000000000003,4.649999999999998,-3.7398831582713044
1.3500000000000003,4.649999999999998,-3.8068974210693236
1.4000000000000004,4.649999999999998,-3.8761914469717587
1.4500000000000004,4.649999999999998,-3.947873420263423
1.5000000000000004,4.649999999999998,-4.022057599337562
1.5500000000000005,4.649999999999998,-4.098864645490474
1.6000000000000005,4.649999999999998,-4.178421956620211
1.6500000000000006,4.649999999999998,-4.26086400177304
1.7000000000000006,4.649999999999998,-4.346332651141813
1.7500000000000007,4.649999999999998,-4.434977494440053
1.8000000000000007,4.649999999999998,-4.526956138474614
1.8500000000000008,4.649999999999998,-4.622434472120376
1.9000000000000008,4.649999999999998,-4.721586883644098
1.9500000000000008,4.649999999999998,-4.824596411287489
2.000000000000001,4.649999999999998,-4.931654803029401
2.0500000000000007,4.649999999999998,-5.042962455297795
2.100000000000001,4.649999999999998,-5.158728192850869
2.1500000000000012,4.649999999999998,-5.279168842810169
2.200000000000001,4.649999999999998,-5.4045085445826215
2.250000000000001,4.649999999999998,-5.534977723790825
2.300000000000001,4.649999999999998,-5.670811641951239
2.3500000000000014,4.649999999999998,-5.812248414098931
2.4000000000000012,4.649999999999998,-5.959526363484786
2.450000000000001,4.649999999999998,-6.112880555585311
2.5000000000000013,4.649999999999998,-6.272538322872876
2.5500000000000016,4.649999999999998,-6.438713557339735
2.6000000000000014,4.649999999999998,-6.61159951045669
2.6500000000000012,4.649999999999998,-6.7913598017622085
2.7000000000000015,4.649999999999998,-6.978117300631742
2.7500000000000018,4.649999999999998,-7.171940515905821
2.8000000000000016,4.649999999999998,-7.372827112584267
2.8500000000000014,4.649999999999998,-7.580684184954409
2.9000000000000017,4.649999999999998,-7.795304967147331
2.950000000000002,4.649999999999998,-8.004629475162998
3.0000000000000018,4.649999999999998,-8.179829196548479
3.0500000000000016,4.649999999999998,-8.333287782328611
3.100000000000002,4.649999999999998,-8.488246517851358
3.150000000000002,4.649999999999998,-8.6708698148661
3.200000000000002,4.649999999999998,-8.89810423296853
3.2500000000000018,4.649999999999998,-9.138221340080582
3.300000000000002,4.649999999999998,-9.375518116502212
3.3500000000000023,4.649999999999998,-9.607323848269269
3.400000000000002,4.649999999999998,-9.830600648395967
3.450000000000002,4.649999999999998,-10.041985492578966
3.500000000000002,4.649999999999998,-10.237866496362
3.5500000000000025,4.649999999999998,-10.414496878750299
3.6000000000000023,4.649999999999998,-10.56814592347707
3.650000000000002,4.649999999999998,-10.684767456894207
3.7000000000000024,4.649999999999998,-10.749408898985502
3.7500000000000027,4.649999999999998,-10.77528326094899
3.8000000000000025,4.649999999999998,-10.778164672067929
3.8500000000000023,4.649999999999998,-10.77113806618889
3.9000000000000026,4.649999999999998,-10.773245637063313
3.950000000000003,4.649999999999998,-10.775990830980088
4.000000000000003,4.649999999999998,-10.7553477177559
4.0500000000000025,4.649999999999998,-10.687489565273605
4.100000000000003,4.649999999999998,-10.556573865761262
4.150000000000003,4.649999999999998,-10.376079917730232
4.200000000000003,4.649999999999998,-10.1768007703398
4.250000000000003,4.649999999999998,-9.962755150102828
4.3000000000000025,4.649999999999998,-9.736396381956045
4.350000000000003,4.649999999999998,-9.498821615451348
4.400000000000003,4.649999999999998,-9.258870324536515
4.450000000000003,4.649999999999998,-9.028770009083681
4.5000000000000036,4.649999999999998,-8.823320152345351
4.550000000000003,4.649999999999998,-8.625493682200588
4.600000000000003,4.649999999999998,-8.42079098463653
4.650000000000003,4.649999999999998,-8.197448341284002
4.700000000000003,4.649999999999998,-7.971643324665835
4.7500000000000036,4.649999999999998,-7.751854135797219
4.800000000000003,4.649999999999998,-7.538563210723206
4.850000000000003,4.649999999999998,-7.33208770114821
4.900000000000004,4.649999999999998,-7.132609558543578
4.950000000000004,4.649999999999998,-6.94020182922292
5.0000000000000036,4.649999999999998,-6.754851210136486
5.050000000000003,4.649999999999998,-6.576477099105569
5.100000000000003,4.649999999999998,-6.404947473084222
5.150000000000004,4.649999999999998,-6.240091969848906
5.200000000000004,4.649999999999998,-6.081712552445663
5.2500000000000036,4.649999999999998,-5.929592116604272
5.300000000000004,4.649999999999998,-5.783501369591076
5.350000000000004,4.649999999999998,-5.643204271634989
5.400000000000004,4.649999999999998,-5.508462292619674
5.450000000000004,4.649999999999998,-5.379037699893048
5.5000000000000036,4.649999999999998,-5.254696059280536
5.550000000000004,4.649999999999998,-5.1352081013715445
5.600000000000004,4.649999999999998,-5.0203510790407435
5.650000000000004,4.649999999999998,-4.909909719825743
5.700000000000005,4.649999999999998,-4.803676857905411
5.750000000000004,4.649999999999998,-4.701453814627737
5.800000000000004,4.649999999999998,-4.60305058342348
5.850000000000004,4.649999999999998,-4.508285864125716
5.900000000000004,4.649999999999998,-4.416986982840422
5.950000000000005,4.649999999999998,-4.328989726263806
1.0,4.6999999999999975,-3.397209520385739
1.05,4.6999999999999975,-3.4533639805674503
1.1,4.6999999999999975,-3.5113156099836185
1.1500000000000001,4.6999999999999975,-3.571147081387843
1.2000000000000002,4.6999999999999975,-3.6329458313812935
1.2500000000000002,4.6999999999999975,-3.696804369255358
1.3000000000000003,4.6999999999999975,-3.7628206049861164
1.3500000000000003,4.6999999999999975,-3.83109819687583
1.4000000000000004,4.6999999999999975,-3.9017469191203187
1.4500000000000004,4.6999999999999975,-3.9748830492830747
1.5000000000000004,4.6999999999999975,-4.050629775254688
1.5500000000000005,4.6999999999999975,-4.129117620741135
1.6000000000000005,4.6999999999999975,-4.210484887621206
1.6500000000000006,4.6999999999999975,-4.294878112596966
1.7000000000000006,4.6999999999999975,-4.382452534375995
1.7500000000000007,4.6999999999999975,-4.473372566100128
1.8000000000000007,4.6999999999999975,-4.567812265785647
1.8500000000000008,4.6999999999999975,-4.665955795055804
1.9000000000000008,4.6999999999999975,-4.767997853293748
1.9500000000000008,4.6999999999999975,-4.874144070355766
2.000000000000001,4.6999999999999975,-4.98461133595643
2.0500000000000007,4.6999999999999975,-5.099628037516925
2.100000000000001,4.6999999999999975,-5.219434170349576
2.1500000000000012,4.6999999999999975,-5.3442812741650965
2.200000000000001,4.6999999999999975,-5.474432137592039
2.250000000000001,4.6999999999999975,-5.610160197168959
2.300000000000001,4.6999999999999975,-5.751748538505932
2.3500000000000014,4.6999999999999975,-5.899488384334456
2.4000000000000012,4.6999999999999975,-6.0536769262389845
2.450000000000001,4.6999999999999975,-6.214614323242529
2.5000000000000013,4.6999999999999975,-6.382599650426579
2.5500000000000016,4.6999999999999975,-6.557925533935491
2.6000000000000014,4.6999999999999975,-6.7408711550197005
2.6500000000000012,4.6999999999999975,-6.931693245976134
2.7000000000000015,4.6999999999999975,-7.13061463704049
2.7500000000000018,4.6999999999999975,-7.337809849667417
2.8000000000000016,4.6999999999999975,-7.553387175572983
2.8500000000000014,4.6999999999999975,-7.7773638762072554
2.9000000000000017,4.6999999999999975,-7.971050632444451
2.950000000000002,4.6999999999999975,-8.093760088765652
3.0000000000000018,4.6999999999999975,-8.151925720165172
3.0500000000000016,4.6999999999999975,-8.17320888258392
3.100000000000002,4.6999999999999975,-8.208524811093188
3.150000000000002,4.6999999999999975,-8.320712389034112
3.200000000000002,4.6999999999999975,-8.553520792283054
3.2500000000000018,4.6999999999999975,-8.823580619269643
3.300000000000002,4.6999999999999975,-9.092171420653736
3.3500000000000023,4.6999999999999975,-9.356240585197542
3.400000000000002,4.6999999999999975,-9.612231426228222
3.450000000000002,4.6999999999999975,-9.85611815740869
3.500000000000002,4.6999999999999975,-10.083487433697341
3.5500000000000025,4.6999999999999975,-10.284335177083495
3.6000000000000023,4.6999999999999975,-10.40961693139205
3.650000000000002,4.6999999999999975,-10.451787410412397
3.7000000000000024,4.6999999999999975,-10.427988259774224
3.7500000000000027,4.6999999999999975,-10.370175176593314
3.8000000000000025,4.6999999999999975,-10.316839851676034
3.8500000000000023,4.6999999999999975,-10.300565899231144
3.9000000000000026,4.6999999999999975,-10.36419935933248
3.950000000000003,4.6999999999999975,-10.483567425057885
4.000000000000003,4.6999999999999975,-10.598907576785159
4.0500000000000025,4.6999999999999975,-10.654724946944391
4.100000000000003,4.6999999999999975,-10.617178369151139
4.150000000000003,4.6999999999999975,-10.476191399792484
4.200000000000003,4.6999999999999975,-10.23163186115367
4.250000000000003,4.6999999999999975,-9.93848487931779
4.3000000000000025,4.6999999999999975,-9.625416410645176
4.350000000000003,4.6999999999999975,-9.31759157881265
4.400000000000003,4.6999999999999975,-9.035053096306934
4.450000000000003,4.6999999999999975,-8.803477971867741
4.5000000000000036,4.6999999999999975,-8.673998778025696
4.550000000000003,4.6999999999999975,-8.601897816292787
4.600000000000003,4.6999999999999975,-8.526631880959615
4.650000000000003,4.6999999999999975,-8.396975093333655
4.700000000000003,4.6999999999999975,-8.198606832649915
4.7500000000000036,4.6999999999999975,-7.962540593608171
4.800000000000003,4.6999999999999975,-7.731901240187718
4.850000000000003,4.6999999999999975,-7.509598708145235
4.900000000000004,4.6999999999999975,-7.295702585168858
4.950000000000004,4.6999999999999975,-7.090173208963804
5.0000000000000036,4.6999999999999975,-6.892887419579931
5.050000000000003,4.6999999999999975,-6.703659721035388
5.100000000000003,4.6999999999999975,-6.522259452416096
5.150000000000004,4.6999999999999975,-6.34842456062788
5.200000000000004,4.6999999999999975,-6.18187252531461
5.2500000000000036,4.6999999999999975,-6.022308928094931
5.300000000000004,4.6999999999999975,-5.869434094144924
5.350000000000004,4.6999999999999975,-5.722948170896988
5.400000000000004,4.6999999999999975,-5.582554949933801
5.450000000000004,4.6999999999999975,-5.44796468580415
5.5000000000000036,4.6999999999999975,-5.318896120045223
5.550000000000004,4.6999999999999975,-5.195077880024813
5.600000000000004,4.6999999999999975,-5.076249389792968
5.650000000000004,4.6999999999999975,-4.96216140325671
5.700000000000005,4.6999999999999975,-4.852576247914038
5.750000000000004,4.6999999999999975,-4.747267849378568
5.800000000000004,4.6999999999999975,-4.646021592329214
5.850000000000004,4.6999999999999975,-4.5486340617435115
5.900000000000004,4.6999999999999975,-4.454912698813309
5.950000000000005,4.6999999999999975,-4.36467539837027
1.0,4.749999999999997,-3.413379633954492
1.05,4.749999999999997,-3.4703533269824334
1.1,4.749999999999997,-3.5291791640501686
1.1500000000000001,4.749999999999997,-3.5899443867785754
1.2000000000000002,4.749999999999997,-3.652741450359584
1.2500000000000002,4.749999999999997,-3.717668383080634
1.3000000000000003,4.749999999999997,-3.7848291713496334
1.3500000000000003,4.749999999999997,-3.854334171572769
1.4000000000000004,4.749999999999997,-3.926300550140848
1.4500000000000004,4.749999999999997,-4.000852752617642
1.5000000000000004,4.749999999999997,-4.078123002974719
1.5500000000000005,4.749999999999997,-4.1582518333547895
1.6000000000000005,4.749999999999997,-4.241388644335211
1.6500000000000006,4.749999999999997,-4.327692294961006
1.7000000000000006,4.749999999999997,-4.417331720866823
1.7500000000000007,4.749999999999997,-4.51048657753824
1.8000000000000007,4.749999999999997,-4.607347904084333
1.8500000000000008,4.749999999999997,-4.708118800690684
1.9000000000000008,4.749999999999997,-4.813015110049463
1.9500000000000008,4.749999999999997,-4.922266089337085
2.000000000000001,4.749999999999997,-5.0361150544987705
2.0500000000000007,4.749999999999997,-5.1548199724118335
2.100000000000001,4.749999999999997,-5.278653968571732
2.1500000000000012,4.749999999999997,-5.407905707823607
2.200000000000001,4.749999999999997,-5.542879592786654
2.250000000000001,4.749999999999997,-5.6838957083021455
2.300000000000001,4.749999999999997,-5.83128941964516
2.3500000000000014,4.749999999999997,-5.985410506380392
2.4000000000000012,4.749999999999997,-6.146621681450107
2.450000000000001,4.749999999999997,-6.315296305036017
2.5000000000000013,4.749999999999997,-6.491815053501357
2.5500000000000016,4.749999999999997,-6.676561243846198
2.6000000000000014,4.749999999999997,-6.8699144423297644
2.6500000000000012,4.749999999999997,-7.072241901478647
2.7000000000000015,4.749999999999997,-7.283887272941188
2.7500000000000018,4.749999999999997,-7.505155936867802
2.8000000000000016,4.749999999999997,-7.736296177318726
2.8500000000000014,4.749999999999997,-7.929155213031903
2.9000000000000017,4.749999999999997,-8.010251061005063
2.950000000000002,4.749999999999997,-7.957787995117334
3.0000000000000018,4.749999999999997,-7.7723425027957695
3.0500000000000016,4.749999999999997,-7.499518419279537
3.100000000000002,4.749999999999997,-7.246741985356092
3.150000000000002,4.749999999999997,-7.167048436936205
3.200000000000002,4.749999999999997,-7.378906459847378
3.2500000000000018,4.749999999999997,-7.683361678298273
3.300000000000002,4.749999999999997,-7.988304400572265
3.3500000000000023,4.749999999999997,-8.290279968223697
3.400000000000002,4.749999999999997,-8.585146987730813
3.450000000000002,4.749999999999997,-8.86809377978885
3.500000000000002,4.749999999999997,-9.121283773104517
3.5500000000000025,4.749999999999997,-9.267195484605574
3.6000000000000023,4.749999999999997,-9.279684635953753
3.650000000000002,4.749999999999997,-9.159648167246907
3.7000000000000024,4.749999999999997,-8.939726971914892
3.7500000000000027,4.749999999999997,-8.690615084336482
3.8000000000000025,4.749999999999997,-8.50608478170295
3.8500000000000023,4.749999999999997,-8.469836303202651
3.9000000000000026,4.749999999999997,-8.683251226335752
3.950000000000003,4.749999999999997,-9.075689376040518
4.000000000000003,4.749999999999997,-9.494314083803115
4.0500000000000025,4.749999999999997,-9.812439261093335
4.100000000000003,4.749999999999997,-9.957258650894612
4.150000000000003,4.749999999999997,-9.86841947037177
4.200000000000003,4.749999999999997,-9.563683286216662
4.250000000000003,4.749999999999997,-9.11453891208054
4.3000000000000025,4.749999999999997,-8.645670057607184
4.350000000000003,4.749999999999997,-8.2171508989052
4.400000000000003,4.749999999999997,-7.873162972388189
4.450000000000003,4.749999999999997,-7.670867981031826
4.5000000000000036,4.749999999999997,-7.739349881484039
4.550000000000003,4.749999999999997,-7.964437107685304
4.600000000000003,4.749999999999997,-8.202591466932166
4.650000000000003,4.749999999999997,-8.344254064769615
4.700000000000003,4.749999999999997,-8.334492652069224
4.7500000000000036,4.749999999999997,-8.170330045236671
4.800000000000003,4.749999999999997,-7.928431801217609
4.850000000000003,4.749999999999997,-7.689268984051282
4.900000000000004,4.749999999999997,-7.460119424875188
4.950000000000004,4.749999999999997,-7.24079741813051
5.0000000000000036,4.749999999999997,-7.031041526529755
5.050000000000003,4.749999999999997,-6.830537354565234
5.100000000000003,4.749999999999997,-6.638935475425612
5.150000000000004,4.749999999999997,-6.45586536683338
5.200000000000004,4.749999999999997,-6.28094610414257
5.2500000000000036,4.749999999999997,-6.11379444806736
5.300000000000004,4.749999999999997,-5.95403085931652
5.350000000000004,4.749999999999997,-5.801283878009737
5.400000000000004,4.749999999999997,-5.655193223866543
5.450000000000004,4.749999999999997,-5.515411903843455
5.5000000000000036,4.749999999999997,-5.381607556260292
5.550000000000004,4.749999999999997,-5.253463213176431
5.600000000000004,4.749999999999997,-5.1306776243945285
5.650000000000004,4.749999999999997,-5.012965255564399
5.700000000000005,4.749999999999997,-4.900056048141624
5.750000000000004,4.749999999999997,-4.791695009293701
5.800000000000004,4.749999999999997,-4.687641684279995
5.850000000000004,4.749999999999997,-4.587669551557845
5.900000000000004,4.749999999999997,-4.491565371225642
5.950000000000005,4.749999999999997,-4.399128509867152
1.0,4.799999999999997,-3.4287746643667925
1.05,4.799999999999997,-3.486535875488856
1.1,4.799999999999997,-3.5462027477288176
1.1500000000000001,4.799999999999997,-3.607867042636668
1.2000000000000002,4.799999999999997,-3.6716261894229962
1.2500000000000002,4.799999999999997,-3.7375836970109337
1.3000000000000003,4.799999999999997,-3.805849598397071
1.3500000000000003,4.799999999999997,-3.876540929636872
1.4000000000000004,4.799999999999997,-3.9497822458177345
1.4500000000000004,4.799999999999997,-4.025706176386597
1.5000000000000004,4.799999999999997,-4.104454022140907
1.5500000000000005,4.799999999999997,-4.186176396048214
1.6000000000000005,4.799999999999997,-4.271033909799572
1.6500000000000006,4.799999999999997,-4.3591979075850045
1.7000000000000006,4.799999999999997,-4.450851247952686
1.7500000000000007,4.799999999999997,-4.546189133708631
1.8000000000000007,4.799999999999997,-4.645419988541813
1.8500000000000008,4.799999999999997,-4.748766377305269
1.9000000000000008,4.799999999999997,-4.856465964497951
1.9500000000000008,4.799999999999997,-4.968772502282377
2.000000000000001,4.799999999999997,-5.085956835091375
2.0500000000000007,4.799999999999997,-5.208307902204492
2.100000000000001,4.799999999999997,-5.336133712201793
2.1500000000000012,4.799999999999997,-5.469762253406788
2.200000000000001,4.799999999999997,-5.609542291645239
2.250000000000001,4.799999999999997,-5.755843990029252
2.300000000000001,4.799999999999997,-5.909059263965703
2.3500000000000014,4.799999999999997,-6.0696017568618466
2.4000000000000012,4.799999999999997,-6.23790628643008
2.450000000000001,4.799999999999997,-6.414427566102462
2.5000000000000013,4.799999999999997,-6.59963794851338
2.5500000000000016,4.799999999999997,-6.794023865610111
2.6000000000000014,4.799999999999997,-6.998080549779276
2.6500000000000012,4.799999999999997,-7.212304509506977
2.7000000000000015,4.799999999999997,-7.437183099083297
2.7500000000000018,4.799999999999997,-7.6731803636371145
2.8000000000000016,4.799999999999997,-7.890549465078842
2.8500000000000014,4.799999999999997,-7.975273052524478
2.9000000000000017,4.799999999999997,-7.862365191420342
2.950000000000002,4.799999999999997,-7.489388661400774
3.0000000000000018,4.799999999999997,-6.82064026852388
3.0500000000000016,4.799999999999997,-5.9069969806429015
3.100000000000002,4.799999999999997,-4.962137751668255
3.150000000000002,4.799999999999997,-4.371778492046487
3.200000000000002,4.799999999999997,-4.485284425350883
3.2500000000000018,4.799999999999997,-4.829250950968144
3.300000000000002,4.799999999999997,-5.1764736660627255
3.3500000000000023,4.799999999999997,-5.523101830788353
3.400000000000002,4.799999999999997,-5.864357402487193
3.450000000000002,4.799999999999997,-6.186860542570665
3.500000000000002,4.799999999999997,-6.39176479690165
3.5500000000000025,4.799999999999997,-6.412367113804963
3.6000000000000023,4.799999999999997,-6.205200274399908
3.650000000000002,4.799999999999997,-5.754206913921656
3.7000000000000024,4.799999999999997,-5.10837206542228
3.7500000000000027,4.799999999999997,-4.417140208592182
3.8000000000000025,4.799999999999997,-3.915186856599343
3.8500000000000023,4.799999999999997,-3.833023151357196
3.9000000000000026,4.799999999999997,-4.431782974242612
3.950000000000003,4.799999999999997,-5.487360574801582
4.000000000000003,4.799999999999997,-6.586183406432863
4.0500000000000025,4.799999999999997,-7.430523115137724
4.100000000000003,4.799999999999997,-7.842067697270338
4.150000000000003,4.799999999999997,-7.812945422083243
4.200000000000003,4.799999999999997,-7.4082335801944765
4.250000000000003,4.799999999999997,-6.73243398834502
4.3000000000000025,4.799999999999997,-5.966389644635169
4.350000000000003,4.799999999999997,-5.307577655434692
4.400000000000003,4.799999999999997,-4.86355483850955
4.450000000000003,4.799999999999997,-4.772363051894396
4.5000000000000036,4.799999999999997,-5.335776770996879
4.550000000000003,4.799999999999997,-6.244918840306965
4.600000000000003,4.799999999999997,-7.152653595040263
4.650000000000003,4.799999999999997,-7.834540397517782
4.700000000000003,4.799999999999997,-8.208030701286303
4.7500000000000036,4.799999999999997,-8.284543028648693
4.800000000000003,4.799999999999997,-8.123851611143408
4.850000000000003,4.799999999999997,-7.870269124975428
4.900000000000004,4.799999999999997,-7.625070379724381
4.950000000000004,4.799999999999997,-7.39133226447966
5.0000000000000036,4.799999999999997,-7.168622709039165
5.050000000000003,4.799999999999997,-6.956471663234858
5.100000000000003,4.799999999999997,-6.7543889419166
5.150000000000004,4.799999999999997,-6.561877561100831
5.200000000000004,4.799999999999997,-6.378443526987091
5.2500000000000036,4.799999999999997,-6.2036028630015
5.300000000000004,4.799999999999997,-6.036886506623001
5.350000000000004,4.799999999999997,-5.877843578515033
5.400000000000004,4.799999999999997,-5.726043419974953
5.450000000000004,4.799999999999997,-5.581076708335678
5.5000000000000036,4.799999999999997,-5.44255589075333
5.550000000000004,4.799999999999997,-5.310115121899298
5.600000000000004,4.799999999999997,-5.183409847823431
5.650000000000004,4.799999999999997,-5.062116144399521
5.700000000000005,4.799999999999997,-4.9459298924012085
5.750000000000004,4.799999999999997,-4.834565850821411
5.800000000000004,4.799999999999997,-4.7277566742747466
5.850000000000004,4.799999999999997,-4.625251908196571
5.900000000000004,4.799999999999997,-4.526816986269054
5.950000000000005,4.799999999999997,-4.43223224742974
1.0,4.849999999999997,-3.443358768140383
1.05,4.849999999999997,-3.501872847166712
1.1,4.849999999999997,-3.562344362069938
1.1500000000000001,4.849999999999997,-3.624869513842717
1.2000000000000002,4.849999999999997,-3.689550625718022
1.2500000000000002,4.849999999999997,-3.7564966090844285
1.3000000000000003,4.849999999999997,-3.8258234689103543
1.3500000000000003,4.849999999999997,-3.8976548520537158
1.4000000000000004,4.849999999999997,-3.9721226420493205
1.4500000000000004,4.849999999999997,-4.049367604166026
1.5000000000000004,4.849999999999997,-4.12954008469595
1.5500000000000005,4.849999999999997,-4.212800768560308
1.6000000000000005,4.849999999999997,-4.2993214993655755
1.6500000000000006,4.849999999999997,-4.389286165985833
1.7000000000000006,4.849999999999997,-4.48289165953657
1.7500000000000007,4.849999999999997,-4.580348904181046
1.8000000000000007,4.849999999999997,-4.6818839644912185
1.8500000000000008,4.849999999999997,-4.787739230963222
1.9000000000000008,4.849999999999997,-4.89817468361944
1.9500000000000008,4.849999999999997,-5.01346923122585
2.000000000000001,4.849999999999997,-5.133922120264941
2.0500000000000007,4.849999999999997,-5.2598544031017305
2.100000000000001,4.849999999999997,-5.391610448330594
2.1500000000000012,4.849999999999997,-5.529559467525972
2.200000000000001,4.849999999999997,-5.674097020797725
2.250000000000001,4.849999999999997,-5.825646447703305
2.300000000000001,4.849999999999997,-5.984660148935854
2.3500000000000014,4.849999999999997,-6.151620616164577
2.4000000000000012,4.849999999999997,-6.327041070366425
2.450000000000001,4.849999999999997,-6.511465520306039
2.5000000000000013,4.849999999999997,-6.705467989168358
2.5500000000000016,4.849999999999997,-6.909650574622159
2.6000000000000014,4.849999999999997,-7.124639900855768
2.6500000000000012,4.849999999999997,-7.351081384649776
2.7000000000000015,4.849999999999997,-7.5896305650682905
2.7500000000000018,4.849999999999997,-7.836459638165447
2.8000000000000016,4.849999999999997,-7.980160821361976
2.8500000000000014,4.849999999999997,-7.90459287283152
2.9000000000000017,4.849999999999997,-7.48717538229946
2.950000000000002,4.849999999999997,-6.56586612317829
3.0000000000000018,4.849999999999997,-4.972741712157642
3.0500000000000016,4.849999999999997,-2.6613128983519703
3.100000000000002,4.849999999999997,0.016731022550441565
3.150000000000002,4.849999999999997,2.056800494739738
3.200000000000002,4.849999999999997,2.29196288951127
3.2500000000000018,4.849999999999997,1.9026503085689228
3.300000000000002,4.849999999999997,1.5062323821145487
3.3500000000000023,4.849999999999997,1.1069024372294969
3.400000000000002,4.849999999999997,0.7101207098672742
3.450000000000002,4.849999999999997,0.39626175451605583
3.500000000000002,4.849999999999997,0.28822811303604823
3.5500000000000025,4.849999999999997,0.48126921696619007
3.6000000000000023,4.849999999999997,1.08524037581107
3.650000000000002,4.849999999999997,2.1878096170824595
3.7000000000000024,4.849999999999997,3.761992375669097
3.7500000000000027,4.849999999999997,5.520383813598116
3.8000000000000025,4.849999999999997,6.8521588201735835
3.8500000000000023,4.849999999999997,7.0495252986896055
3.9000000000000026,4.849999999999997,5.347709050804813
3.950000000000003,4.849999999999997,2.561824381395134
4.000000000000003,4.849999999999997,-0.09433973715417565
4.0500000000000025,4.849999999999997,-1.934001956891942
4.100000000000003,4.849999999999997,-2.826801853486522
4.150000000000003,4.849999999999997,-2.8789352018118706
4.200000000000003,4.849999999999997,-2.2479104921951336
4.250000000000003,4.849999999999997,-1.1221473794404986
4.3000000000000025,4.849999999999997,0.22892309784967324
4.350000000000003,4.849999999999997,1.381659454817477
4.400000000000003,4.849999999999997,2.017311845712584
4.450000000000003,4.849999999999997,1.7623606742918057
4.5000000000000036,4.849999999999997,-0.08587286212014256
4.550000000000003,4.849999999999997,-2.609480822157339
4.600000000000003,4.849999999999997,-4.942690691594597
4.650000000000003,4.849999999999997,-6.665172794027988
4.700000000000003,4.849999999999997,-7.71554214105528
4.7500000000000036,4.849999999999997,-8.199346472046663
4.800000000000003,4.849999999999997,-8.261868468207917
4.850000000000003,4.849999999999997,-8.051602865716823
4.900000000000004,4.849999999999997,-7.789626830210982
4.950000000000004,4.849999999999997,-7.5409206043642705
5.0000000000000036,4.849999999999997,-7.304845507113329
5.050000000000003,4.849999999999997,-7.080746727115094
5.100000000000003,4.849999999999997,-6.867969884730133
5.150000000000004,4.849999999999997,-6.66587273443898
5.200000000000004,4.849999999999997,-6.473833178190274
5.2500000000000036,4.849999999999997,-6.291254508191506
5.300000000000004,4.849999999999997,-6.117568591878081
5.350000000000004,4.849999999999997,-5.952237547024687
5.400000000000004,4.849999999999997,-5.794754324924681
5.450000000000004,4.849999999999997,-5.644642518063273
5.5000000000000036,4.849999999999997,-5.50145563016682
5.550000000000004,4.849999999999997,-5.364775986154261
5.600000000000004,4.849999999999997,-5.234213413406472
5.650000000000004,4.849999999999997,-5.109403790723224
5.700000000000005,4.849999999999997,-4.990007534827233
5.750000000000004,4.849999999999997,-4.8757080743157
5.800000000000004,4.849999999999997,-4.7662103460066705
5.850000000000004,4.849999999999997,-4.6612393374863395
5.900000000000004,4.849999999999997,-4.5605386914148
5.950000000000005,4.849999999999997,-4.463869381087974
1.0,4.899999999999997,-3.457097164836369
1.05,4.899999999999997,-3.516326564688539
1.1,4.899999999999997,-3.5775631458329356
1.1500000000000001,4.899999999999997,-3.6409074354866484
1.2000000000000002,4.899999999999997,-3.7064665339996603
1.2500000000000002,4.899999999999997,-3.7743546353891864
1.3000000000000003,4.899999999999997,-3.844693594889785
1.3500000000000003,4.899999999999997,-3.9176135480421674
1.4000000000000004,4.899999999999997,-3.9932535862501317
1.4500000000000004,4.899999999999997,-4.071762494159163
1.5000000000000004,4.899999999999997,-4.153299554644805
1.5500000000000005,4.899999999999997,-4.238035427632626
1.6000000000000005,4.899999999999997,-4.326153109387815
1.6500000000000006,4.899999999999997,-4.417848979287227
1.7000000000000006,4.899999999999997,-4.51333394138577
1.7500000000000007,4.899999999999997,-4.612834668264658
1.8000000000000007,4.899999999999997,-4.716594954634752
1.8500000000000008,4.899999999999997,-4.824877187872556
1.9000000000000008,4.899999999999997,-4.937963941963859
1.9500000000000008,4.899999999999997,-5.05615970004963
2.000000000000001,4.899999999999997,-5.179792708677865
2.0500000000000007,4.899999999999997,-5.309216963648746
2.100000000000001,4.899999999999997,-5.444814322572492
2.1500000000000012,4.899999999999997,-5.586996732365353
2.200000000000001,4.899999999999997,-5.7362085501160465
2.250000000000001,4.899999999999997,-5.892928922024835
2.300000000000001,4.899999999999997,-6.057674166060673
2.3500000000000014,4.899999999999997,-6.231000077744314
2.4000000000000012,4.899999999999997,-6.413504042582435
2.450000000000001,4.899999999999997,-6.605826789892552
2.5000000000000013,4.899999999999997,-6.808653556795646
2.5500000000000016,4.899999999999997,-7.02271434245659
2.6000000000000014,4.899999999999997,-7.248782814094464
2.6500000000000012,4.899999999999997,-7.487673268893518
2.7000000000000015,4.899999999999997,-7.740234848727994
2.7500000000000018,4.899999999999997,-7.970172050376243
2.8000000000000016,4.899999999999997,-8.01557994961893
2.8500000000000014,4.899999999999997,-7.730477090462216
2.9000000000000017,4.899999999999997,-6.883896230711282
2.950000000000002,4.899999999999997,-5.102470825804443
3.0000000000000018,4.899999999999997,-1.8350447561288972
3.0500000000000016,4.899999999999997,3.514708483857909
3.100000000000002,4.899999999999997,10.833554113806134
3.150000000000002,4.899999999999997,17.589151169784515
3.200000000000002,4.899999999999997,19.160662434311377
3.2500000000000018,4.899999999999997,18.719420606911076
3.300000000000002,4.899999999999997,18.265801979747202
3.3500000000000023,4.899999999999997,17.804208219702364
3.400000000000002,4.899999999999997,17.360298415836688
3.450000000000002,4.899999999999997,17.085913879869896
3.500000000000002,4.899999999999997,17.116394519959726
3.5500000000000025,4.899999999999997,17.634447923538886
3.6000000000000023,4.899999999999997,18.901524438041896
3.650000000000002,4.899999999999997,21.23656491673072
3.7000000000000024,4.899999999999997,24.851496910929
3.7500000000000027,4.899999999999997,29.365806603351725
3.8000000000000025,4.899999999999997,33.15436201942998
3.8500000000000023,4.899999999999997,33.67538107618266
3.9000000000000026,4.899999999999997,28.21625899674549
3.950000000000003,4.899999999999997,20.41829774077613
4.000000000000003,4.899999999999997,14.132296875420062
4.0500000000000025,4.899999999999997,10.322753502170066
4.100000000000003,4.899999999999997,8.60949024041648
4.150000000000003,4.899999999999997,8.492565802434903
4.200000000000003,4.899999999999997,9.630605302564524
4.250000000000003,4.899999999999997,11.75048253930225
4.3000000000000025,4.899999999999997,14.41592906883909
4.350000000000003,4.899999999999997,16.77853189015169
4.400000000000003,4.899999999999997,17.863856670400445
4.450000000000003,4.899999999999997,16.481137029228893
4.5000000000000036,4.899999999999997,10.960936174320718
4.550000000000003,4.899999999999997,4.419189949721062
4.600000000000003,4.899999999999997,-0.9625824912690302
4.650000000000003,4.899999999999997,-4.620889127337242
4.700000000000003,4.899999999999997,-6.7931115206890365
4.7500000000000036,4.899999999999997,-7.894550138492418
4.800000000000003,4.899999999999997,-8.28420355724252
4.850000000000003,4.899999999999997,-8.22085483067237
4.900000000000004,4.899999999999997,-7.952714404964968
4.950000000000004,4.899999999999997,-7.68858713435749
5.0000000000000036,4.899999999999997,-7.438829098098429
5.050000000000003,4.899999999999997,-7.202569966690575
5.100000000000003,4.899999999999997,-6.978966939002888
5.150000000000004,4.899999999999997,-6.767213482465662
5.200000000000004,4.899999999999997,-6.566544492719294
5.2500000000000036,4.899999999999997,-6.376238886084016
5.300000000000004,4.899999999999997,-6.19562038191231
5.350000000000004,4.899999999999997,-6.024057035610197
5.400000000000004,4.899999999999997,-5.860959934302547
5.450000000000004,4.899999999999997,-5.7057813551872325
5.5000000000000036,4.899999999999997,-5.558012602988377
5.550000000000004,4.899999999999997,-5.417181680791163
5.600000000000004,4.899999999999997,-5.282850902641752
5.650000000000004,4.899999999999997,-5.154614522574242
5.700000000000005,4.899999999999997,-5.032096430100562
5.750000000000004,4.899999999999997,-4.914947944339287
5.800000000000004,4.899999999999997,-4.802845726115124
5.850000000000004,4.899999999999997,-4.695489818221011
5.900000000000004,4.899999999999997,-4.592601817620631
5.950000000000005,4.899999999999997,-4.493923178952104
1.0,4.949999999999997,-3.469956345579667
1.05,4.949999999999997,-3.529860684047496
1.1,4.949999999999997,-3.591819633304907
1.1500000000000001,4.949999999999997,-3.655937900047927
1.2000000000000002,4.949999999999997,-3.7223272068865754
1.2500000000000002,4.949999999999997,-3.791106867610934
1.3000000000000003,4.949999999999997,-3.8624044171863487
1.3500000000000003,4.949999999999997,-3.93635630221647
1.4000000000000004,4.949999999999997,-4.0131086382298555
1.4500000000000004,4.949999999999997,-4.0928180408199974
1.5000000000000004,4.949999999999997,-4.17565253840026
1.5500000000000005,4.949999999999997,-4.261792575122509
1.6000000000000005,4.949999999999997,-4.35143211334585
1.6500000000000006,4.949999999999997,-4.44477984591906
1.7000000000000006,4.949999999999997,-4.542060529439333
1.7500000000000007,4.949999999999997,-4.643516450541826
1.8000000000000007,4.949999999999997,-4.749409038115834
1.8500000000000008,4.949999999999997,-4.860020635069341
1.9000000000000008,4.949999999999997,-4.975656443780115
1.9500000000000008,4.949999999999997,-5.096646659543122
2.000000000000001,4.949999999999997,-5.223348805958922
2.0500000000000007,4.949999999999997,-5.356150285034779
2.100000000000001,4.949999999999997,-5.495471152409687
2.1500000000000012,4.949999999999997,-5.641767124035857
2.200000000000001,4.949999999999997,-5.7955328141148685
2.250000000000001,4.949999999999997,-5.957305194073261
2.300000000000001,4.949999999999997,-6.127667247455153
2.3500000000000014,4.949999999999997,-6.3072517738565175
2.4000000000000012,4.949999999999997,-6.4967452637427
2.450000000000001,4.949999999999997,-6.696891721497663
2.5000000000000013,4.949999999999997,-6.908496251326564
2.5500000000000016,4.949999999999997,-7.132428132851837
2.6000000000000014,4.949999999999997,-7.369622991212987
2.6500000000000012,4.949999999999997,-7.6210834979331725
2.7000000000000015,4.949999999999997,-7.887877807607583
2.7500000000000018,4.949999999999997,-8.082492559883574
2.8000000000000016,4.949999999999997,-8.02469092550248
2.8500000000000014,4.949999999999997,-7.50622973308335
2.9000000000000017,4.949999999999997,-6.139987020869597
2.950000000000002,4.949999999999997,-3.1848091036087904
3.0000000000000018,4.949999999999997,2.7953081325654097
3.0500000000000016,4.949999999999997,14.423147931458578
3.100000000000002,4.949999999999997,34.98278310096653
3.150000000000002,4.949999999999997,60.822750089552414
3.200000000000002,4.949999999999997,69.23695817832721
3.2500000000000018,4.949999999999997,68.73647376644506
3.300000000000002,4.949999999999997,68.21649415156956
3.3500000000000023,4.949999999999997,67.68136477966135
3.400000000000002,4.949999999999997,67.2044220736638
3.450000000000002,4.949999999999997,66.96882906580552
3.500000000000002,4.949999999999997,67.16311498350106
3.5500000000000025,4.949999999999997,68.10993247418332
3.6000000000000023,4.949999999999997,70.36711806208802
3.650000000000002,4.949999999999997,74.86435065068805
3.7000000000000024,4.949999999999997,82.90137337314295
3.7500000000000027,4.949999999999997,95.11997813600598
3.8000000000000025,4.949999999999997,107.68697501095173
3.8500000000000023,4.949999999999997,109.20130839207566
3.9000000000000026,4.949999999999997,86.79202241227375
3.950000000000003,4.949999999999997,62.52520032142078
4.000000000000003,4.949999999999997,47.73945996739089
4.0500000000000025,4.949999999999997,40.37292251482319
4.100000000000003,4.949999999999997,37.45961760206232
4.150000000000003,4.949999999999997,37.4031603069635
4.200000000000003,4.949999999999997,39.60060299637922
4.250000000000003,4.949999999999997,43.90162332317825
4.3000000000000025,4.949999999999997,49.87917244443594
4.350000000000003,4.949999999999997,55.71049302507696
4.400000000000003,4.949999999999997,58.14699598538989
4.450000000000003,4.949999999999997,52.314918342283725
4.5000000000000036,4.949999999999997,34.48746225797407
4.550000000000003,4.949999999999997,17.267383480885798
4.600000000000003,4.949999999999997,5.448865123489348
4.650000000000003,4.949999999999997,-1.5924283242374013
4.700000000000003,4.949999999999997,-5.462567058064102
4.7500000000000036,4.949999999999997,-7.405332467949567
4.800000000000003,4.949999999999997,-8.208666607489185
4.850000000000003,4.949999999999997,-8.344407958815596
4.900000000000004,4.949999999999997,-8.113110265524476
4.950000000000004,4.949999999999997,-7.8332388737456204
5.0000000000000036,4.949999999999997,-7.569599788565091
5.050000000000003,4.949999999999997,-7.321075814262549
5.100000000000003,4.949999999999997,-7.086611624878146
5.150000000000004,4.949999999999997,-6.865217919253878
5.200000000000004,4.949999999999997,-6.655972454205285
5.2500000000000036,4.949999999999997,-6.458018994666467
5.300000000000004,4.949999999999997,-6.2705649235728265
5.350000000000004,4.949999999999997,-6.092878037075259
5.400000000000004,4.949999999999997,-5.924282892591293
5.450000000000004,4.949999999999997,-5.764156962890618
5.5000000000000036,4.949999999999997,-5.611926767291969
5.550000000000004,4.949999999999997,-5.467064092449043
5.600000000000004,4.949999999999997,-5.329082373705035
5.650000000000004,4.949999999999997,-5.197533278876502
5.700000000000005,4.949999999999997,-5.07200351613153
5.750000000000004,4.949999999999997,-4.952111873835093
5.800000000000004,4.949999999999997,-4.837506491015905
5.850000000000004,4.949999999999997,-4.727862351137137
5.900000000000004,4.949999999999997,-4.622878988169813
5.950000000000005,4.949999999999997,-4.5222783918815415
1.0,4.9999999999999964,-3.4819042815931374
1.05,4.9999999999999964,-3.5424404269255723
1.1,4.9999999999999964,-3.605076013569559
1.1500000000000001,4.9999999999999964,-3.6699197470651064
1.2000000000000002,4.9999999999999964,-3.7370877789298715
1.2500000000000002,4.9999999999999964,-3.8067043360738095
1.3000000000000003,4.9999999999999964,-3.8789024127484417
1.3500000000000003,4.9999999999999964,-3.9538245320344743
1.4000000000000004,4.9999999999999964,-4.031623584715475
1.4500000000000004,4.9999999999999964,-4.112463754330708
1.5000000000000004,4.9999999999999964,-4.196521538256899
1.5500000000000005,4.9999999999999964,-4.283986875846038
1.6000000000000005,4.9999999999999964,-4.375064395952996
1.6500000000000006,4.9999999999999964,-4.4699747976290025
1.7000000000000006,4.9999999999999964,-4.568956379337758
1.7500000000000007,4.9999999999999964,-4.672266733766769
1.8000000000000007,4.9999999999999964,-4.780184627144904
1.8500000000000008,4.9999999999999964,-4.8930120839109845
1.9000000000000008,4.9999999999999964,-5.011076699559291
1.9500000000000008,4.9999999999999964,-5.1347342064362325
2.000000000000001,4.9999999999999964,-5.264371319052673
2.0500000000000007,4.9999999999999964,-5.400408886916565
2.100000000000001,4.9999999999999964,-5.543305383693424
2.1500000000000012,4.9999999999999964,-5.693560761243976
2.200000000000001,4.9999999999999964,-5.851720695149759
2.250000000000001,4.9999999999999964,-6.018381243821231
2.300000000000001,4.9999999999999964,-6.194193934895323
2.3500000000000014,4.9999999999999964,-6.379871278514732
2.4000000000000012,4.9999999999999964,-6.5761926845867
2.450000000000001,4.9999999999999964,-6.784010726465088
2.5000000000000013,4.9999999999999964,-7.004257641318514
2.5500000000000016,4.9999999999999964,-7.2379518801429565
2.6000000000000014,4.9999999999999964,-7.486204407244078
2.6500000000000012,4.9999999999999964,-7.750224285048341
2.7000000000000015,4.9999999999999964,-8.028777128956055
2.7500000000000018,4.9999999999999964,-8.192077756310042
2.8000000000000016,4.9999999999999964,-8.050450292321102
2.8500000000000014,4.9999999999999964,-7.328364964305688
2.9000000000000017,4.9999999999999964,-5.468869356952403
2.950000000000002,4.9999999999999964,-1.2610182570607549
3.0000000000000018,4.9999999999999964,8.18197101707513
3.0500000000000016,4.9999999999999964,30.516371920637386
3.100000000000002,4.9999999999999964,87.47267043057893
3.150000000000002,4.9999999999999964,218.98741425969638
3.200000000000002,4.9999999999999964,293.53598126212586
3.2500000000000018,4.9999999999999964,292.9683085128577
3.300000000000002,4.9999999999999964,292.3716667477813
3.3500000000000023,4.9999999999999964,291.7512028553128
3.400000000000002,4.9999999999999964,291.2330341841788
3.450000000000002,4.9999999999999964,291.01124599036825
3.500000000000002,4.9999999999999964,291.3492173051245
3.5500000000000025,4.9999999999999964,292.74977243422444
3.6000000000000023,4.9999999999999964,296.22774121601657
3.650000000000002,4.9999999999999964,303.95194844802234
3.7000000000000024,4.9999999999999964,320.68414401373457
3.7500000000000027,4.9999999999999964,355.45350546521445
3.8000000000000025,4.9999999999999964,409.4677845079098
3.8500000000000023,4.9999999999999964,410.65784111542513
3.9000000000000026,4.9999999999999964,264.71908383950495
3.950000000000003,4.9999999999999964,181.82034541433737
4.000000000000003,4.9999999999999964,149.87603175365732
4.0500000000000025,4.9999999999999964,137.4546568606386
4.100000000000003,4.9999999999999964,133.23923088327308
4.150000000000003,4.9999999999999964,133.55764564623345
4.200000000000003,4.9999999999999964,137.7016697044948
4.250000000000003,4.9999999999999964,146.54756093044145
4.3000000000000025,4.9999999999999964,161.3937493653355
4.350000000000003,4.9999999999999964,179.46393672001602
4.400000000000003,4.9999999999999964,187.53420701303352
4.450000000000003,4.9999999999999964,155.5351951550888
4.5000000000000036,4.9999999999999964,85.43860051140376
4.550000000000003,4.9999999999999964,38.78740540785908
4.600000000000003,4.9999999999999964,14.405036726888165
4.650000000000003,4.9999999999999964,2.1678579209803583
4.700000000000003,4.9999999999999964,-3.9174738911545806
4.7500000000000036,4.9999999999999964,-6.841524475049708
4.800000000000003,4.9999999999999964,-8.091221871066455
4.850000000000003,4.9999999999999964,-8.430479532179834
4.900000000000004,4.9999999999999964,-8.269441316439549
4.950000000000004,4.9999999999999964,-7.973670396761702
5.0000000000000036,4.9999999999999964,-7.6960974733934995
5.050000000000003,4.9999999999999964,-7.435332655595762
5.100000000000003,4.9999999999999964,-7.1900853004568095
5.150000000000004,4.9999999999999964,-6.959166356499601
5.200000000000004,4.9999999999999964,-6.741483840066545
5.2500000000000036,4.9999999999999964,-6.536037060368005
5.300000000000004,4.9999999999999964,-6.341910238889621
5.350000000000004,4.9999999999999964,-6.1582659495368475
5.400000000000004,4.9999999999999964,-5.984338653551634
5.450000000000004,4.9999999999999964,-5.819428498311678
5.5000000000000036,4.9999999999999964,-5.662895477584758
5.550000000000004,4.9999999999999964,-5.514154002660595
5.600000000000004,4.9999999999999964,-5.372667901931305
5.650000000000004,4.9999999999999964,-5.237945845933465
5.700000000000005,4.9999999999999964,-5.109537182078339
5.750000000000004,4.9999999999999964,-4.987028155811013
5.800000000000004,4.9999999999999964,-4.870038491027275
5.850000000000004,4.9999999999999964,-4.758218301036061
5.900000000000004,4.9999999999999964,-4.651245301351569
5.950000000000005,4.9999999999999964,-4.548822296558275
1.0,5.049999999999996,-3.492910630460217
1.05,5.049999999999996,-3.5540328111000785
1.1,5.049999999999996,-3.617296388261031
1.1500000000000001,5.049999999999996,-3.682813851911941
1.2000000000000002,5.049999999999996,-3.7507055506332376
1.2500000000000002,5.049999999999996,-3.82110037386113
1.3000000000000003,5.049999999999996,-3.8941365044375975
1.3500000000000003,5.049999999999996,-3.96996224976081
1.4000000000000004,5.049999999999996,-4.048736960913177
1.4500000000000004,5.049999999999996,-4.130632050376817
1.5000000000000004,5.049999999999996,-4.215832120349079
1.5500000000000005,5.049999999999996,-4.30453621526682
1.6000000000000005,5.049999999999996,-4.396959213961991
1.6500000000000006,5.049999999999996,-4.493333378929684
1.7000000000000006,5.049999999999996,-4.593910082520862
1.7500000000000007,5.049999999999996,-4.698961732503723
1.8000000000000007,5.049999999999996,-4.808783922396324
1.8500000000000008,5.049999999999996,-4.9236978352804295
1.9000000000000008,5.049999999999996,-5.044052933474741
1.9500000000000008,5.049999999999996,-5.170229970470473
2.000000000000001,5.049999999999996,-5.3026443658820615
2.0500000000000007,5.049999999999996,-5.44174998876533
2.100000000000001,5.049999999999996,-5.588043399361579
2.1500000000000012,5.049999999999996,-5.74206860389207
2.200000000000001,5.049999999999996,-5.904422381049466
2.250000000000001,5.049999999999996,-6.0757602416723175
2.300000000000001,5.049999999999996,-6.256803083756238
2.3500000000000014,5.049999999999996,-6.44834460194216
2.4000000000000012,5.049999999999996,-6.651259501649207
2.450000000000001,5.049999999999996,-6.866512549674635
2.5000000000000013,5.049999999999996,-7.095168460282244
2.5500000000000016,5.049999999999996,-7.338402561007977
2.6000000000000014,5.049999999999996,-7.597512094499578
2.6500000000000012,5.049999999999996,-7.87392787531099
2.7000000000000015,5.049999999999996,-8.163227370176914
2.7500000000000018,5.049999999999996,-8.31716690070892
2.8000000000000016,5.049999999999996,-8.137994474941006
2.8500000000000014,5.049999999999996,-7.309867579205685
2.9000000000000017,5.049999999999996,-5.166304946785603
2.950000000000002,5.049999999999996,-0.1582096156132664
3.0000000000000018,5.049999999999996,11.848905496772518
3.0500000000000016,5.049999999999996,44.46798211922851
3.100000000000002,5.049999999999996,161.59297207648655
3.150000000000002,5.049999999999996,977.6318536689043
3.200000000000002,5.049999999999996,4780.11171640278
3.2500000000000018,5.049999999999996,4779.468496670785
3.300000000000002,5.049999999999996,4778.783903077731
3.3500000000000023,5.049999999999996,4778.06672140898
3.400000000000002,5.049999999999996,4777.472185613144
3.450000000000002,5.049999999999996,4777.206450079156
3.500000000000002,5.049999999999996,4777.595007512261
3.5500000000000025,5.049999999999996,4779.303303336962
3.6000000000000023,5.049999999999996,4783.82047259938
3.650000000000002,5.049999999999996,4794.924430009463
3.7000000000000024,5.049999999999996,4824.020159342948
3.7500000000000027,5.049999999999996,4914.529352956384
3.8000000000000025,5.049999999999996,5249.982699474653
3.8500000000000023,5.049999999999996,3521.2746939816357
3.9000000000000026,5.049999999999996,1071.3290516598158
3.950000000000003,5.049999999999996,845.5224497244932
4.000000000000003,5.049999999999996,794.1204195868155
4.0500000000000025,5.049999999999996,777.7119413355524
4.100000000000003,5.049999999999996,772.8518114840668
4.150000000000003,5.049999999999996,774.0072363629442
4.200000000000003,5.049999999999996,781.0198630594522
4.250000000000003,5.049999999999996,797.9803681466411
4.3000000000000025,5.049999999999996,836.2132987476772
4.350000000000003,5.049999999999996,909.9529251399292
4.400000000000003,5.049999999999996,957.6537535543558
4.450000000000003,5.049999999999996,548.0726739781487
4.5000000000000036,5.049999999999996,185.2208692296264
4.550000000000003,5.049999999999996,67.69616551684865
4.600000000000003,5.049999999999996,24.115361231942742
4.650000000000003,5.049999999999996,5.746644814272193
4.700000000000003,5.049999999999996,-2.5704851548007825
4.7500000000000036,5.049999999999996,-6.38611826533157
4.800000000000003,5.049999999999996,-8.012899613717515
4.850000000000003,5.049999999999996,-8.514459258330001
4.900000000000004,5.049999999999996,-8.418169776385747
4.950000000000004,5.049999999999996,-8.108574853242278
5.0000000000000036,5.049999999999996,-7.8171867549316465
5.050000000000003,5.049999999999996,-7.54435349186898
5.100000000000003,5.049999999999996,-7.28852906715788
5.150000000000004,5.049999999999996,-7.0483103158628735
5.200000000000004,5.049999999999996,-6.822425305026579
5.2500000000000036,5.049999999999996,-6.609721716559639
5.300000000000004,5.049999999999996,-6.409155655396943
5.350000000000004,5.049999999999996,-6.21978113154415
5.400000000000004,5.049999999999996,-6.0407403387721414
5.450000000000004,5.049999999999996,-5.871254772542002
5.5000000000000036,5.049999999999996,-5.710617180103846
5.550000000000004,5.049999999999996,-5.558184306313762
5.600000000000004,5.049999999999996,-5.413370382586248
5.650000000000004,5.049999999999996,-5.275641298848827
5.700000000000005,5.049999999999996,-5.144509396241764
5.750000000000004,5.049999999999996,-5.019528819508814
5.800000000000004,5.049999999999996,-4.900291371166853
5.850000000000004,5.049999999999996,-4.786422813715373
5.900000000000004,5.049999999999996,-4.677579570767108
5.950000000000005,5.049999999999996,-4.573445782681713
1.0,5.099999999999996,-3.502946937729731
1.05,5.099999999999996,-3.5646068761576464
1.1,5.099999999999996,-3.6284470246734397
1.1500000000000001,5.099999999999996,-3.694583410089574
1.2000000000000002,5.099999999999996,-3.7631403082994
1.2500000000000002,5.099999999999996,-3.834250977271037
1.3000000000000003,5.099999999999996,-3.9080584679484143
1.3500000000000003,5.099999999999996,-3.984716522644436
1.4000000000000004,5.099999999999996,-4.064390571838741
1.4500000000000004,5.099999999999996,-4.147258841821216
1.5000000000000004,5.099999999999996,-4.233513587384683
1.5500000000000005,5.099999999999996,-4.32336246580323
1.6000000000000005,5.099999999999996,-4.41703007067982
1.6500000000000006,5.099999999999996,-4.514759646957809
1.7000000000000006,5.099999999999996,-4.616815011522684
1.7500000000000007,5.099999999999996,-4.723482707437486
1.8000000000000007,5.099999999999996,-4.835074424030372
1.8500000000000008,5.099999999999996,-4.951929719866167
1.9000000000000008,5.099999999999996,-5.0744190911718885
1.9500000000000008,5.099999999999996,-5.202947434639839
2.000000000000001,5.099999999999996,-5.337957960789797
2.0500000000000007,5.099999999999996,-5.479936622312927
2.100000000000001,5.099999999999996,-5.629417131097387
2.1500000000000012,5.099999999999996,-5.786986647953309
2.200000000000001,5.099999999999996,-5.953292240327767
2.250000000000001,5.099999999999996,-6.129048215295106
2.300000000000001,5.099999999999996,-6.3150444473463825
2.3500000000000014,5.099999999999996,-6.512155832114544
2.4000000000000012,5.099999999999996,-6.721353006671803
2.450000000000001,5.099999999999996,-6.943714481965982
2.5000000000000013,5.099999999999996,-7.180440329361185
2.5500000000000016,5.099999999999996,-7.432867544819429
2.6000000000000014,5.099999999999996,-7.70248717111007
2.6500000000000012,5.099999999999996,-7.990963175132833
2.7000000000000015,5.099999999999996,-8.293782441802056
2.7500000000000018,5.099999999999996,-8.461463193651765
2.8000000000000016,5.099999999999996,-8.295804286782534
2.8500000000000014,5.099999999999996,-7.477626771259231
2.9000000000000017,5.099999999999996,-5.330416491550801
2.950000000000002,5.099999999999996,-0.2716666073961935
3.0000000000000018,5.099999999999996,11.967282375871584
3.0500000000000016,5.099999999999996,45.73692043126961
3.100000000000002,5.099999999999996,172.13262670971469
3.150000000000002,5.099999999999996,1294.7087982749254
3.200000000000002,5.099999999999996,33598.30130899832
3.2500000000000018,5.099999999999996,33597.574163898404
3.300000000000002,5.099999999999996,33596.78971456298
3.3500000000000023,5.099999999999996,33595.95653698024
3.400000000000002,5.099999999999996,33595.23618005443
3.450000000000002,5.099999999999996,33594.83846882319
3.500000000000002,5.099999999999996,33595.110715746516
3.5500000000000025,5.099999999999996,33596.780643057486
3.6000000000000023,5.099999999999996,33601.53188913777
3.650000000000002,5.099999999999996,33613.88042325491
3.7000000000000024,5.099999999999996,33649.06591754006
3.7500000000000027,5.099999999999996,33784.04796502856
3.8000000000000025,5.099999999999996,35069.43730027478
3.8500000000000023,5.099999999999996,126921.19707264056
3.9000000000000026,5.099999999999996,120260.53111858101
3.950000000000003,5.099999999999996,120006.42400488598
4.000000000000003,5.099999999999996,119952.8041227103
4.0500000000000025,5.099999999999996,119936.28366465202
4.100000000000003,5.099999999999996,119931.84903294967
4.150000000000003,5.099999999999996,119934.04887199769
4.200000000000003,5.099999999999996,119943.85254695163
4.250000000000003,5.099999999999996,119970.38064882843
4.3000000000000025,5.099999999999996,120053.4077442029
4.350000000000003,5.099999999999996,120427.23431216448
4.400000000000003,5.099999999999996,121322.2306792524
4.450000000000003,5.099999999999996,1583.6260182803169
4.5000000000000036,5.099999999999996,290.6014901208571
4.550000000000003,5.099999999999996,89.12521474616678
4.600000000000003,5.099999999999996,30.095790466010676
4.650000000000003,5.099999999999996,7.682519466275986
4.700000000000003,5.099999999999996,-1.9426776267649863
4.7500000000000036,5.099999999999996,-6.239053645037623
4.800000000000003,5.099999999999996,-8.054296200581211
4.850000000000003,5.099999999999996,-8.629445688706753
4.900000000000004,5.099999999999996,-8.558338107485318
4.950000000000004,5.099999999999996,-8.236561676672965
5.0000000000000036,5.099999999999996,-7.931673267538308
5.050000000000003,5.099999999999996,-7.647110633540953
5.100000000000003,5.099999999999996,-7.3810567876595865
5.150000000000004,5.099999999999996,-7.131883938830929
5.200000000000004,5.099999999999996,-6.89813330866126
5.2500000000000036,5.099999999999996,-6.678496598991779
5.300000000000004,5.099999999999996,-6.471799224467217
5.350000000000004,5.099999999999996,-6.276985292154236
5.400000000000004,5.099999999999996,-6.093104236574335
5.450000000000004,5.099999999999996,-5.919298981332827
5.5000000000000036,5.099999999999996,-5.7547954837156805
5.550000000000004,5.099999999999996,-5.598893517145054
5.600000000000004,5.099999999999996,-5.450958552487723
5.650000000000004,5.099999999999996,-5.310414609292118
5.700000000000005,5.099999999999996,-5.176737959862908
5.750000000000004,5.099999999999996,-5.049451581325981
5.800000000000004,5.099999999999996,-4.928120262715759
5.850000000000004,5.099999999999996,-4.8123462852116266
5.900000000000004,5.099999999999996,-4.701765603762954
5.950000000000005,5.099999999999996,-4.596044467410077
1.0,5.149999999999996,-3.51198683141593
1.05,5.149999999999996,-3.5741339017031133
1.1,5.149999999999996,-3.638496600987904
1.1500000000000001,5.149999999999996,-3.7051942133004183
1.2000000000000002,5.149999999999996,-3.7743546353891864
1.2500000000000002,5.149999999999996,-3.8461151576160773
1.3000000000000003,5.149999999999996,-3.9206233300487985
1.3500000000000003,5.149999999999996,-3.998037924597221
1.4000000000000004,5.149999999999996,-4.078530005612118
1.4500000000000004,5.149999999999996,-4.162284123191134
1.5000000000000004,5.149999999999996,-4.249499645561807
1.5500000000000005,5.149999999999996,-4.340392249388147
1.6000000000000005,5.149999999999996,-4.435195589738845
1.6500000000000006,5.149999999999996,-4.534163174836278
1.7000000000000006,5.149999999999996,-4.637570474665073
1.7500000000000007,5.149999999999996,-4.745717297162258
1.8000000000000007,5.149999999999996,-4.8589304711626085
1.8500000000000008,5.149999999999996,-4.977566881679799
1.9000000000000008,5.149999999999996,-5.102016910638994
1.9500000000000008,5.149999999999996,-5.2327083450414005
2.000000000000001,5.149999999999996,-5.3701108249691405
2.0500000000000007,5.149999999999996,-5.51474091609623
2.100000000000001,5.149999999999996,-5.667167905756289
2.1500000000000012,5.149999999999996,-5.82802043845406
2.200000000000001,5.149999999999996,-5.9979941263308545
2.250000000000001,5.149999999999996,-6.1778602928206885
2.300000000000001,5.149999999999996,-6.368476033810126
2.3500000000000014,5.149999999999996,-6.570795810121595
2.4000000000000012,5.149999999999996,-6.785884817834969
2.450000000000001,5.149999999999996,-7.014934418014388
2.5000000000000013,5.149999999999996,-7.2592799429589006
2.5500000000000016,5.149999999999996,-7.520421228544238
2.6000000000000014,5.149999999999996,-7.80004624505127
2.6500000000000012,5.149999999999996,-8.100058200747279
2.7000000000000015,5.149999999999996,-8.417870105907536
2.7500000000000018,5.149999999999996,-8.611785940595931
2.8000000000000016,5.149999999999996,-8.487887898063308
2.8500000000000014,5.149999999999996,-7.745013557319078
2.9000000000000017,5.149999999999996,-5.755381220003978
2.950000000000002,5.149999999999996,-1.0895770150419857
3.0000000000000018,5.149999999999996,9.930892011481054
3.0500000000000016,5.149999999999996,38.570942785350226
3.100000000000002,5.149999999999996,129.00547221402022
3.150000000000002,5.149999999999996,494.01265300874053
3.200000000000002,5.149999999999996,918.0429678192568
3.2500000000000018,5.149999999999996,917.2241205992715
3.300000000000002,5.149999999999996,916.3279977440985
3.3500000000000023,5.149999999999996,915.3590563451014
3.400000000000002,5.149999999999996,914.4745391418609
3.450000000000002,5.149999999999996,913.8804607344034
3.500000000000002,5.149999999999996,913.9221192671035
3.5500000000000025,5.149999999999996,915.3291500397766
3.6000000000000023,5.149999999999996,919.7939582859852
3.650000000000002,5.149999999999996,931.851129760583
3.7000000000000024,5.149999999999996,966.7699994694893
3.7500000000000027,5.149999999999996,1101.547541874191
3.8000000000000025,5.149999999999996,2386.830166601284
3.8500000000000023,5.149999999999996,30163.387976558224
3.9000000000000026,5.149999999999996,29592.446276056387
3.950000000000003,5.149999999999996,29438.18390841023
4.000000000000003,5.149999999999996,29395.10028151555
4.0500000000000025,5.149999999999996,29380.93460585301
4.100000000000003,5.149999999999996,29377.429972450882
4.150000000000003,5.149999999999996,29380.297751420647
4.200000000000003,5.149999999999996,29391.089155145495
4.250000000000003,5.149999999999996,29420.685544419088
4.3000000000000025,5.149999999999996,29522.72674236895
4.350000000000003,5.149999999999996,30245.817419787574
4.400000000000003,5.149999999999996,78359.41486909687
4.450000000000003,5.149999999999996,2066.3143541620557
4.5000000000000036,5.149999999999996,316.4716575391632
4.550000000000003,5.149999999999996,93.07419021431889
4.600000000000003,5.149999999999996,30.91943669946967
4.650000000000003,5.149999999999996,7.797928485760687
4.700000000000003,5.149999999999996,-2.025364094380455
4.7500000000000036,5.149999999999996,-6.37828438716859
4.800000000000003,5.149999999999996,-8.20416457603218
4.850000000000003,5.149999999999996,-8.774005936157838
4.900000000000004,5.149999999999996,-8.69225652249254
4.950000000000004,5.149999999999996,-8.35618158831274
5.0000000000000036,5.149999999999996,-8.038325499515107
5.050000000000003,5.149999999999996,-7.742554526255377
5.100000000000003,5.149999999999996,-7.466771204850154
5.150000000000004,5.149999999999996,-7.209117721505861
5.200000000000004,5.149999999999996,-6.967945784740768
5.2500000000000036,5.149999999999996,-6.741790245245179
5.300000000000004,5.149999999999996,-6.529346115058895
5.350000000000004,5.149999999999996,-6.329448609720506
5.400000000000004,5.149999999999996,-6.141055844334681
5.450000000000004,5.149999999999996,-5.963233839973434
5.5000000000000036,5.149999999999996,-5.79514353030296
5.550000000000004,5.149999999999996,-5.636029493998431
5.600000000000004,5.149999999999996,-5.485210173197541
5.650000000000004,5.149999999999996,-5.342069370343503
5.700000000000005,5.149999999999996,-5.206048844595099
5.750000000000004,5.149999999999996,-5.0766418543739835
5.800000000000004,5.149999999999996,-4.953387514702511
5.850000000000004,5.149999999999996,-4.835865857024527
5.900000000000004,5.149999999999996,-4.723693495520924
5.950000000000005,5.149999999999996,-4.616519817865899
1.0,5.199999999999996,-3.520006206930977
1.05,5.199999999999996,-3.582587615221458
1.1,5.199999999999996,-3.6474164403316034
1.1500000000000001,5.199999999999996,-3.7146149134981017
1.2000000000000002,5.199999999999996,-3.784314210976565
1.2500000000000002,5.199999999999996,-3.856655279230852
1.3000000000000003,5.199999999999996,-3.931789752156585
1.3500000000000003,5.199999999999996,-4.00988097238762
1.4000000000000004,5.199999999999996,-4.091105130544458
1.4500000000000004,5.199999999999996,-4.17565253840026
1.5000000000000004,5.199999999999996,-4.263729054420644
1.5500000000000005,5.199999999999996,-4.355557683047045
1.6000000000000005,5.199999999999996,-4.451380372523663
1.6500000000000006,5.199999999999996,-4.551460040115836
1.7000000000000006,5.199999999999996,-4.656082858355522
1.7500000000000007,5.199999999999996,-4.765560841625768
1.8000000000000007,5.199999999999996,-4.8802347791409595
1.8500000000000008,5.199999999999996,-5.000477568412766
1.9000000000000008,5.199999999999996,-5.126698012879752
1.9500000000000008,5.199999999999996,-5.259345158846821
2.000000000000001,5.199999999999996,-5.398913260624293
2.0500000000000007,5.199999999999996,-5.545947479256013
2.100000000000001,5.199999999999996,-5.701050440063491
2.1500000000000012,5.199999999999996,-5.864889798110946
2.200000000000001,5.199999999999996,-6.038206989455654
2.250000000000001,5.199999999999996,-6.221827380686315
2.300000000000001,5.199999999999996,-6.416672070932754
2.3500000000000014,5.199999999999996,-6.623771650576337
2.4000000000000012,5.199999999999996,-6.844282280746494
2.450000000000001,5.199999999999996,-7.079504528819647
2.5000000000000013,5.199999999999996,-7.330905478813635
2.5500000000000016,5.199999999999996,-7.600144732454272
2.6000000000000014,5.199999999999996,-7.889105026056372
2.6500000000000012,5.199999999999996,-8.199928306700246
2.7000000000000015,5.199999999999996,-8.534235114100605
2.7500000000000018,5.199999999999996,-8.779799513920215
2.8000000000000016,5.199999999999996,-8.753648243643516
2.8500000000000014,5.199999999999996,-8.211428816994738
2.9000000000000017,5.199999999999996,-6.673927182967925
2.950000000000002,5.199999999999996,-3.1493363629896702
3.0000000000000018,5.199999999999996,4.537008153691968
3.0500000000000016,5.199999999999996,21.3284415504831
3.100000000000002,5.199999999999996,57.32630848303414
3.150000000000002,5.199999999999996,117.08777831492047
3.200000000000002,5.199999999999996,141.55598162913674
3.2500000000000018,5.199999999999996,140.63914826487945
3.300000000000002,5.199999999999996,139.62075484480232
3.3500000000000023,5.199999999999996,138.4970172357117
3.400000000000002,5.199999999999996,137.4106650100566
3.450000000000002,5.199999999999996,136.55546973706194
3.500000000000002,5.199999999999996,136.25171272493066
3.5500000000000025,5.199999999999996,137.17661152972835
3.6000000000000023,5.199999999999996,140.87192381315896
3.650000000000002,5.199999999999996,151.282574440055
3.7000000000000024,5.199999999999996,180.46389524780895
3.7500000000000027,5.199999999999996,276.12157312500466
3.8000000000000025,5.199999999999996,670.1743727765298
3.8500000000000023,5.199999999999996,1077.9778228335758
3.9000000000000026,5.199999999999996,1020.9792686962999
3.950000000000003,5.199999999999996,974.7546805420732
4.000000000000003,5.199999999999996,953.0817240438454
4.0500000000000025,5.199999999999996,944.6832003506777
4.100000000000003,5.199999999999996,943.2521893991895
4.150000000000003,5.199999999999996,947.074421753779
4.200000000000003,5.199999999999996,958.3976429030256
4.250000000000003,5.199999999999996,988.3318293948299
4.3000000000000025,5.199999999999996,1090.6061124541848
4.350000000000003,5.199999999999996,1813.8583407126273
4.400000000000003,5.199999999999996,49927.572734347945
4.450000000000003,5.199999999999996,1488.0881237790486
4.5000000000000036,5.199999999999996,280.90302445174484
4.550000000000003,5.199999999999996,86.8092053003559
4.600000000000003,5.199999999999996,29.064160968837207
4.650000000000003,5.199999999999996,7.025391957816979
4.700000000000003,5.199999999999996,-2.4389909323711265
4.7500000000000036,5.199999999999996,-6.643988228308082
4.800000000000003,5.199999999999996,-8.397179114114817
4.850000000000003,5.199999999999996,-8.92564553012085
4.900000000000004,5.199999999999996,-8.817350080127632
4.950000000000004,5.199999999999996,-8.465959046664867
5.0000000000000036,5.199999999999996,-8.135902039892807
5.050000000000003,5.199999999999996,-7.829636525375037
5.100000000000003,5.199999999999996,-7.544782932534947
5.150000000000004,5.199999999999996,-7.27925433600375
5.200000000000004,5.199999999999996,-7.031215324658342
5.2500000000000036,5.199999999999996,-6.79904709057955
5.300000000000004,5.199999999999996,-6.5813177989462375
5.350000000000004,5.199999999999996,-6.376757419452095
5.400000000000004,5.199999999999996,-6.184236316862001
5.450000000000004,5.199999999999996,-6.002747005358641
5.5000000000000036,5.199999999999996,-5.83138856557064
5.550000000000004,5.199999999999996,-5.669353304260461
5.600000000000004,5.199999999999996,-5.515915305413996
5.650000000000004,5.199999999999996,-5.3704205792490365
5.700000000000005,5.199999999999996,-5.232278563920239
5.750000000000004,5.199999999999996,-5.100954774869269
5.800000000000004,5.199999999999996,-4.975964430143618
5.850000000000004,5.199999999999996,-4.856866907716341
5.900000000000004,5.199999999999996,-4.743260913845996
5.950000000000005,5.199999999999996,-4.634780260634198
1.0,5.249999999999996,-3.5269834000193385
1.05,5.249999999999996,-3.589944386778576
1.1,5.249999999999996,-3.655180730403553
1.1500000000000001,5.249999999999996,-3.7228172711166208
1.2000000000000002,5.249999999999996,-3.7929880908750233
1.2500000000000002,5.249999999999996,-3.865837378520085
1.3000000000000003,5.249999999999996,-3.941520393203345
1.3500000000000003,5.249999999999996,-4.020204539252062
1.4000000000000004,5.249999999999996,-4.102070567670777
1.4500000000000004,5.249999999999996,-4.187313921866636
1.5000000000000004,5.249999999999996,-4.276146248003904
1.5500000000000005,5.249999999999996,-4.368797093722575
1.6000000000000005,5.249999999999996,-4.465515822901266
1.6500000000000006,5.249999999999996,-4.56657377883266
1.7000000000000006,5.249999999999996,-4.6722667337667705
1.7500000000000007,5.249999999999996,-4.782917669455382
1.8000000000000007,5.249999999999996,-4.898879941337308
1.8500000000000008,5.249999999999996,-5.0205408886324845
1.9000000000000008,5.249999999999996,-5.148325964228182
1.9500000000000008,5.249999999999996,-5.282703472297003
2.000000000000001,5.249999999999996,-5.424190018651341
2.0500000000000007,5.249999999999996,-5.573356799622552
2.100000000000001,5.249999999999996,-5.73083688064597
2.1500000000000012,5.249999999999996,-5.897333646854262
2.200000000000001,5.249999999999996,-6.073630646239496
2.250000000000001,5.249999999999996,-6.260603093110793
2.300000000000001,5.249999999999996,-6.459231357878439
2.3500000000000014,5.249999999999996,-6.670616841434835
2.4000000000000012,5.249999999999996,-6.896000722074208
2.450000000000001,5.249999999999996,-7.136786174334874
2.5000000000000013,5.249999999999996,-7.394564797676205
2.5500000000000016,5.249999999999996,-7.6711481649024895
2.6000000000000014,5.249999999999996,-7.9686056131314995
2.6500000000000012,5.249999999999996,-8.289309661979441
2.7000000000000015,5.249999999999996,-8.63599076231638
2.7500000000000018,5.249999999999996,-8.947735526223884
2.8000000000000016,5.249999999999996,-9.052310404818325
2.8500000000000014,5.249999999999996,-8.77581430088702
2.9000000000000017,5.249999999999996,-7.81104337793236
2.950000000000002,5.249999999999996,-5.608971607878263
3.0000000000000018,5.249999999999996,-1.2203700069469523
3.0500000000000016,5.249999999999996,6.75937452870807
3.100000000000002,5.249999999999996,19.237401090703262
3.150000000000002,5.249999999999996,32.507845343986716
3.200000000000002,5.249999999999996,35.87359376890687
3.2500000000000018,5.249999999999996,34.855144215986115
3.300000000000002,5.249999999999996,33.706743776199126
3.3500000000000023,5.249999999999996,32.410604394174456
3.400000000000002,5.249999999999996,31.069634874134355
3.450000000000002,5.249999999999996,29.85122049892366
3.500000000000002,5.249999999999996,29.000918233963027
3.5500000000000025,5.249999999999996,29.027234856615024
3.6000000000000023,5.249999999999996,31.01234780321891
3.650000000000002,5.249999999999996,37.362153062961454
3.7000000000000024,5.249999999999996,53.443973476773394
3.7500000000000027,5.249999999999996,90.03886591301335
3.8000000000000025,5.249999999999996,151.12319287633255
3.8500000000000023,5.249999999999996,173.71385004419744
3.9000000000000026,5.249999999999996,163.3142816596843
3.950000000000003,5.249999999999996,150.68185353530708
4.000000000000003,5.249999999999996,142.77182617392256
4.0500000000000025,5.249999999999996,139.81167960674117
4.100000000000003,5.249999999999996,140.77533719807775
4.150000000000003,5.249999999999996,145.80232480146648
4.200000000000003,5.249999999999996,157.8069378229342
4.250000000000003,5.249999999999996,188.16284070934353
4.3000000000000025,5.249999999999996,290.7158503155159
4.350000000000003,5.249999999999996,1014.1434378374643
4.400000000000003,5.249999999999996,49127.981513001156
4.450000000000003,5.249999999999996,1152.6010177699827
4.5000000000000036,5.249999999999996,217.6285524340685
4.550000000000003,5.249999999999996,71.33462648721107
4.600000000000003,5.249999999999996,24.137298967306535
4.650000000000003,5.249999999999996,5.10474212367556
4.700000000000003,5.249999999999996,-3.3079531613748845
4.7500000000000036,5.249999999999996,-7.090708881594389
4.800000000000003,5.249999999999996,-8.654279538047321
4.850000000000003,5.249999999999996,-9.089268861711878
4.900000000000004,5.249999999999996,-8.930981788426738
4.950000000000004,5.249999999999996,-8.564431667130544
5.0000000000000036,5.249999999999996,-8.223183712768567
5.050000000000003,5.249999999999996,-7.90733509271809
5.100000000000003,5.249999999999996,-7.614231836762321
5.150000000000004,5.249999999999996,-7.34156611569542
5.200000000000004,5.249999999999996,-7.087323512316289
5.2500000000000036,5.249999999999996,-6.849739253883735
5.300000000000004,5.249999999999996,-6.627261771278821
5.350000000000004,5.249999999999996,-6.418522256888824
5.400000000000004,5.249999999999996,-6.222309144647154
5.450000000000004,5.249999999999996,-6.03754663973737
5.5000000000000036,5.249999999999996,-5.863276590212511
5.550000000000004,5.249999999999996,-5.698643125416083
5.600000000000004,5.249999999999996,-5.5428795927866386
5.650000000000004,5.249999999999996,-5.395297410494914
5.700000000000005,5.249999999999996,-5.255276522559584
5.750000000000004,5.249999999999996,-5.122257198960323
5.800000000000004,5.249999999999996,-4.995732968489376
5.850000000000004,5.249999999999996,-4.875244508784628
5.900000000000004,5.249999999999996,-4.760374347860284
5.950000000000005,5.249999999999996,-4.650742255840955
1.0,5.299999999999995,-3.532899345345938
1.05,5.299999999999995,-3.596183407833926
1.1,5.299999999999995,-3.6617667254929693
1.1500000000000001,5.299999999999995,-3.729776383775481
1.2000000000000002,5.299999999999995,-3.800348967104394
1.2500000000000002,5.299999999999995,-3.8736314589696708
1.3000000000000003,5.299999999999995,-3.949782245817736
1.3500000000000003,5.299999999999995,-4.028972238891999
1.4000000000000004,5.299999999999995,-4.111386130420108
1.4500000000000004,5.299999999999995,-4.197223803183944
1.5000000000000004,5.299999999999995,-4.286701915633657
1.5500000000000005,5.299999999999995,-4.380055688417076
1.6000000000000005,5.299999999999995,-4.477540922614061
1.6500000000000006,5.299999999999995,-4.579436285243484
1.7000000000000006,5.299999999999995,-4.686045903937257
1.7500000000000007,5.299999999999995,-4.797702320284873
1.8000000000000007,5.299999999999995,-4.91476986053603
1.8500000000000008,5.299999999999995,-5.0376484934740695
1.9000000000000008,5.299999999999995,-5.166778258800413
1.9500000000000008,5.299999999999995,-5.302644365882062
2.000000000000001,5.299999999999995,-5.445783082949701
2.0500000000000007,5.299999999999995,-5.596788561734445
2.100000000000001,5.299999999999995,-5.7563207733016855
2.1500000000000012,5.299999999999995,-5.925114769029269
2.200000000000001,5.299999999999995,-6.103991528282875
2.250000000000001,5.299999999999995,-6.293870713954357
2.300000000000001,5.299999999999995,-6.495785732020004
2.3500000000000014,5.299999999999995,-6.710901586049265
2.4000000000000012,5.299999999999995,-6.940536137924123
2.450000000000001,5.299999999999995,-7.186185539506637
2.5000000000000013,5.299999999999995,-7.4495547966204425
2.5500000000000016,5.299999999999995,-7.73259467968582
2.6000000000000014,5.299999999999995,-8.037546522056727
2.6500000000000012,5.299999999999995,-8.36699687039218
2.7000000000000015,5.299999999999995,-8.723944501026704
2.7500000000000018,5.299999999999995,-9.092976665006692
2.8000000000000016,5.299999999999995,-9.333588995224037
2.8500000000000014,5.299999999999995,-9.322434878195274
2.9000000000000017,5.299999999999995,-8.889314154165444
2.950000000000002,5.299999999999995,-7.780983036430959
3.0000000000000018,5.299999999999995,-5.674501309107044
3.0500000000000016,5.299999999999995,-2.333439443516097
3.100000000000002,5.299999999999995,1.8878002923662027
3.150000000000002,5.299999999999995,5.287798731968504
3.200000000000002,5.299999999999995,5.438337036777185
3.2500000000000018,5.299999999999995,4.318647355989075
3.300000000000002,5.299999999999995,3.0374705385471046
3.3500000000000023,5.299999999999995,1.5633972108304341
3.400000000000002,5.299999999999995,-0.06909995097442234
3.450000000000002,5.299999999999995,-1.7259806037081766
3.500000000000002,5.299999999999995,-3.2660995495871887
3.5500000000000025,5.299999999999995,-4.3771362513861405
3.6000000000000023,5.299999999999995,-4.429482094977104
3.650000000000002,5.299999999999995,-2.341886618543299
3.7000000000000024,5.299999999999995,3.5750911640508036
3.7500000000000027,5.299999999999995,14.642031874159208
3.8000000000000025,5.299999999999995,27.405983198724613
3.8500000000000023,5.299999999999995,31.25626864544909
3.9000000000000026,5.299999999999995,29.75885699306815
3.950000000000003,5.299999999999995,27.663625748711446
4.000000000000003,5.299999999999995,26.790324345272246
4.0500000000000025,5.299999999999995,27.784364073672236
4.100000000000003,5.299999999999995,30.924613449338807
4.150000000000003,5.299999999999995,37.19079813292425
4.200000000000003,5.299999999999995,49.93533918619184
4.250000000000003,5.299999999999995,80.75420409999444
4.3000000000000025,5.299999999999995,183.6085512896482
4.350000000000003,5.299999999999995,907.2077055636836
4.400000000000003,5.299999999999995,49021.17142399654
4.450000000000003,5.299999999999995,1071.4981301326427
4.5000000000000036,5.299999999999995,182.48831653788082
4.550000000000003,5.299999999999995,58.12393839859521
4.600000000000003,5.299999999999995,18.970421269066478
4.650000000000003,5.299999999999995,2.8876650813829254
4.700000000000003,5.299999999999995,-4.366786872580466
4.7500000000000036,5.299999999999995,-7.625101530120787
4.800000000000003,5.299999999999995,-8.937387291126715
4.850000000000003,5.299999999999995,-9.248055694045654
4.900000000000004,5.299999999999995,-9.028510479861229
4.950000000000004,5.299999999999995,-8.650195383737174
5.0000000000000036,5.299999999999995,-8.299009529163209
5.050000000000003,5.299999999999995,-7.9746845128683
5.100000000000003,5.299999999999995,-7.674310061039776
5.150000000000004,5.299999999999995,-7.395373593873767
5.200000000000004,5.299999999999995,-7.135695915078091
5.2500000000000036,5.299999999999995,-6.893378713336174
5.300000000000004,5.299999999999995,-6.6667614835042235
5.350000000000004,5.299999999999995,-6.454385996908453
5.400000000000004,5.299999999999995,-6.254966851941023
5.450000000000004,5.299999999999995,-6.067366946482419
5.5000000000000036,5.299999999999995,-5.89057695414219
5.550000000000004,5.299999999999995,-5.723698073367568
5.600000000000004,5.299999999999995,-5.565927464604156
5.650000000000004,5.299999999999995,-5.416545905369574
5.700000000000005,5.299999999999995,-5.274907283505752
5.750000000000004,5.299999999999995,-5.1404296204760005
5.800000000000004,5.299999999999995,-5.012587373542901
5.850000000000004,5.299999999999995,-4.890904811199475
5.900000000000004,5.299999999999995,-4.774950292787421
5.950000000000005,5.299999999999995,-4.66433131272117
1.0,5.349999999999995,-3.5377377185228953
1.05,5.349999999999995,-3.6012868515858725
1.1,5.349999999999995,-3.667154927879926
1.1500000000000001,5.349999999999995,-3.7354708919384723
1.2000000000000002,5.349999999999995,-3.8063734015660335
1.2500000000000002,5.349999999999995,-3.8800117572604806
1.3000000000000003,5.349999999999995,-3.95654694009612
1.3500000000000003,5.349999999999995,-4.03615277307681
1.4000000000000004,5.349999999999995,-4.119017223381209
1.4500000000000004,5.349999999999995,-4.2053438657787865
1.5000000000000004,5.349999999999995,-4.29535353088754
1.5500000000000005,5.349999999999995,-4.389286165985833
1.6000000000000005,5.349999999999995,-4.487402940922001
1.6500000000000006,5.349999999999995,-4.589988637460473
1.7000000000000006,5.349999999999995,-4.697354367379871
1.7500000000000007,5.349999999999995,-4.809840673068812
1.8000000000000007,5.349999999999995,-4.92782107459179
1.8500000000000008,5.349999999999995,-5.05170613965316
1.9000000000000008,5.349999999999995,-5.181948168121567
1.9500000000000008,5.349999999999995,-5.319046601491186
2.000000000000001,5.349999999999995,-5.463554290749285
2.0500000000000007,5.349999999999995,-5.616084784750833
2.100000000000001,5.349999999999995,-5.77732083687329
2.1500000000000012,5.349999999999995,-5.948024372396713
2.200000000000001,5.349999999999995,-6.129048215295109
2.250000000000001,5.349999999999995,-6.321349944322314
2.300000000000001,5.349999999999995,-6.526008338927822
2.3500000000000014,5.349999999999995,-6.744242991652845
2.4000000000000012,5.349999999999995,-6.977437813314013
2.450000000000001,5.349999999999995,-7.227169351417862
2.5000000000000013,5.349999999999995,-7.495241095768968
2.5500000000000016,5.349999999999995,-7.783725278590648
2.6000000000000014,5.349999999999995,-8.09501411792336
2.6500000000000012,5.349999999999995,-8.431883041888973
2.7000000000000015,5.349999999999995,-8.79756922257225
2.7500000000000018,5.349999999999995,-9.195843621485238
2.8000000000000016,5.349999999999995,-9.55691912061685
2.8500000000000014,5.349999999999995,-9.769060802569284
2.9000000000000017,5.349999999999995,-9.749041213106382
2.950000000000002,5.349999999999995,-9.397896468352275
3.0000000000000018,5.349999999999995,-8.636273259024655
3.0500000000000016,5.349999999999995,-7.49884270656031
3.100000000000002,5.349999999999995,-6.292728004359611
3.150000000000002,5.349999999999995,-5.684358816323737
3.200000000000002,5.349999999999995,-6.358796794817019
3.2500000000000018,5.349999999999995,-7.573997866740067
3.300000000000002,5.349999999999995,-8.983422864520145
3.3500000000000023,5.349999999999995,-10.632788584384953
3.400000000000002,5.349999999999995,-12.558152296229421
3.450000000000002,5.349999999999995,-14.686404708558973
3.500000000000002,5.349999999999995,-16.95128277204544
3.5500000000000025,5.349999999999995,-19.200735516032978
3.6000000000000023,5.349999999999995,-21.241555738980527
3.650000000000002,5.349999999999995,-22.74367928483655
3.7000000000000024,5.349999999999995,-23.243772540137293
3.7500000000000027,5.349999999999995,-22.400179962261163
3.8000000000000025,5.349999999999995,-20.66306620970298
3.8500000000000023,5.349999999999995,-19.317299631431535
3.9000000000000026,5.349999999999995,-17.15078103533617
3.950000000000003,5.349999999999995,-14.112769127484686
4.000000000000003,5.349999999999995,-10.60655644238059
4.0500000000000025,5.349999999999995,-6.587901045643907
4.100000000000003,5.349999999999995,-1.5335625961179318
4.150000000000003,5.349999999999995,5.913744350389916
4.200000000000003,5.349999999999995,19.390860655359113
4.250000000000003,5.349999999999995,50.67280293052553
4.3000000000000025,5.349999999999995,153.80879975434837
4.350000000000003,5.349999999999995,877.5723853042714
4.400000000000003,5.349999999999995,48991.65684308186
4.450000000000003,5.349999999999995,1045.8911909332205
4.5000000000000036,5.349999999999995,166.83905153799648
4.550000000000003,5.349999999999995,50.25976890002103
4.600000000000003,5.349999999999995,15.269984451644774
4.650000000000003,5.349999999999995,1.1282422995277557
4.700000000000003,5.349999999999995,-5.2556502019835385
4.7500000000000036,5.349999999999995,-8.117443248799121
4.800000000000003,5.349999999999995,-9.199095304982965
4.850000000000003,5.349999999999995,-9.3805666826704
4.900000000000004,5.349999999999995,-9.11027770439387
4.950000000000004,5.349999999999995,-8.72195331777882
5.0000000000000036,5.349999999999995,-8.362314840826256
5.050000000000003,5.349999999999995,-8.030804856981181
5.100000000000003,5.349999999999995,-7.724285697941418
5.150000000000004,5.349999999999995,-7.440064314812796
5.200000000000004,5.349999999999995,-7.1758171190557585
5.2500000000000036,5.349999999999995,-6.929529391919215
5.300000000000004,5.349999999999995,-6.699446111352467
5.350000000000004,5.349999999999995,-6.484031790727638
5.400000000000004,5.349999999999995,-6.28193747923838
5.450000000000004,5.349999999999995,-6.091973490935411
5.5000000000000036,5.349999999999995,-5.91308674477666
5.550000000000004,5.349999999999995,-5.744341838281601
5.600000000000004,5.349999999999995,-5.584905161573163
5.650000000000004,5.349999999999995,-5.434031500769347
5.700000000000005,5.349999999999995,-5.2910526901386925
5.750000000000004,5.349999999999995,-5.155367958769299
5.800000000000004,5.349999999999995,-5.026435685387974
5.850000000000004,5.349999999999995,-4.903766328651738
5.900000000000004,5.349999999999995,-4.7869163429227015
5.950000000000005,5.349999999999995,-4.675482923661235
1.0,5.399999999999995,-3.541485059542358
1.05,5.399999999999995,-3.605240012477955
1.1,5.399999999999995,-3.671329245843538
1.1500000000000001,5.399999999999995,-3.7398831582713044
1.2000000000000002,5.399999999999995,-3.8110420300981196
1.2500000000000002,5.399999999999995,-3.8849569759694664
1.3000000000000003,5.399999999999995,-3.9617910096189553
1.3500000000000003,5.399999999999995,-4.041720236514978
1.4000000000000004,5.399999999999995,-4.124935192621054
1.4500000000000004,5.399999999999995,-4.211642350548101
1.5000000000000004,5.399999999999995,-4.302065817986019
1.5500000000000005,5.399999999999995,-4.396449257613274
1.6000000000000005,5.399999999999995,-4.495058062851206
1.6500000000000006,5.399999999999995,-4.598181830047713
1.7000000000000006,5.399999999999995,-4.706137175184431
1.7500000000000007,5.399999999999995,-4.81927095230697
1.8000000000000007,5.399999999999995,-4.93796394196386
1.8500000000000008,5.399999999999995,-5.0626350914959986
1.9000000000000008,5.399999999999995,-5.193746405669045
1.9500000000000008,5.399999999999995,-5.331808606689482
2.000000000000001,5.399999999999995,-5.477387708127429
2.0500000000000007,5.399999999999995,-5.63111267903334
2.100000000000001,5.399999999999995,-5.7936844143428115
2.1500000000000012,5.399999999999995,-5.965886277831921
2.200000000000001,5.399999999999995,-6.148596547485723
2.250000000000001,5.399999999999995,-6.342803174271543
2.300000000000001,5.399999999999995,-6.549621369473315
2.3500000000000014,5.399999999999995,-6.770314670401581
2.4000000000000012,5.399999999999995,-7.0063203096309925
2.450000000000001,5.399999999999995,-7.259279942958901
2.5000000000000013,5.399999999999995,-7.5310770955151165
2.5500000000000016,5.399999999999995,-7.823883091219761
2.6000000000000014,5.399999999999995,-8.140213776803265
2.6500000000000012,5.399999999999995,-8.483000093278907
2.7000000000000015,5.399999999999995,-8.855676565244883
2.7500000000000018,5.399999999999995,-9.262293188934908
2.8000000000000016,5.399999999999995,-9.699436558676918
2.8500000000000014,5.399999999999995,-10.078415846413286
2.9000000000000017,5.399999999999995,-10.345041464025488
2.950000000000002,5.399999999999995,-10.468671209704834
3.0000000000000018,5.399999999999995,-10.447137834204842
3.0500000000000016,5.399999999999995,-10.346554554949638
3.100000000000002,5.399999999999995,-10.341737981132868
3.150000000000002,5.399999999999995,-10.7061666298417
3.200000000000002,5.399999999999995,-11.678423776479875
3.2500000000000018,5.399999999999995,-12.977036948913414
3.300000000000002,5.399999999999995,-14.500847050682141
3.3500000000000023,5.399999999999995,-16.310773289480643
3.400000000000002,5.399999999999995,-18.489820357831977
3.450000000000002,5.399999999999995,-21.053275708226963
3.500000000000002,5.399999999999995,-23.94228365032255
3.5500000000000025,5.399999999999995,-27.230894987345405
3.6000000000000023,5.399999999999995,-31.06180361418497
3.650000000000002,5.399999999999995,-35.65908389839587
3.7000000000000024,5.399999999999995,-41.220325471620896
3.7500000000000027,5.399999999999995,-47.27582386952023
3.8000000000000025,5.399999999999995,-51.378891476241776
3.8500000000000023,5.399999999999995,-50.106722855752466
3.9000000000000026,5.399999999999995,-43.262944510831254
3.950000000000003,5.399999999999995,-34.768108254382554
4.000000000000003,5.399999999999995,-27.03064156484789
4.0500000000000025,5.399999999999995,-20.198251870518355
4.100000000000003,5.399999999999995,-13.37856918491497
4.150000000000003,5.399999999999995,-4.841639286510723
4.200000000000003,5.399999999999995,9.310703807796397
4.250000000000003,5.399999999999995,41.01466343168891
4.3000000000000025,5.399999999999995,144.37666710605112
4.350000000000003,5.399999999999995,868.2899860635624
4.400000000000003,5.399999999999995,48982.4816371422
4.450000000000003,5.399999999999995,1037.5965761811642
4.5000000000000036,5.399999999999995,161.0091109203043
4.550000000000003,5.399999999999995,46.845009064838884
4.600000000000003,5.399999999999995,13.453877501656281
4.650000000000003,5.399999999999995,0.18464162888531988
4.700000000000003,5.399999999999995,-5.764148779577175
4.7500000000000036,5.399999999999995,-8.415374381289064
4.800000000000003,5.399999999999995,-9.38916592849593
4.850000000000003,5.399999999999995,-9.468254542381198
4.900000000000004,5.399999999999995,-9.174917360392069
4.950000000000004,5.399999999999995,-8.778565566919095
5.0000000000000036,5.399999999999995,-8.412169596550873
5.050000000000003,5.399999999999995,-8.074931609555385
5.100000000000003,5.399999999999995,-7.763525907490615
5.150000000000004,5.399999999999995,-7.475111005381669
5.200000000000004,5.399999999999995,-7.207245112467425
5.2500000000000036,5.399999999999995,-6.957818618506899
5.300000000000004,5.399999999999995,-6.724999745794992
5.350000000000004,5.399999999999995,-6.507190481392488
5.400000000000004,5.399999999999995,-6.302990601144224
5.450000000000004,5.399999999999995,-6.111168111222699
5.5000000000000036,5.399999999999995,-5.9306348157246935
5.550000000000004,5.399999999999995,-5.7604260063524295
5.600000000000004,5.399999999999995,-5.599683487955903
5.650000000000004,5.399999999999995,-5.447641319934747
5.700000000000005,5.399999999999995,-5.3036137813436754
5.750000000000004,5.399999999999995,-5.166985166578155
5.800000000000004,5.399999999999995,-5.037201095751472
5.850000000000004,5.399999999999995,-4.913761084497932
5.900000000000004,5.399999999999995,-4.796212165814683
5.950000000000005,5.399999999999995,-4.684143394587937
1.0,5.449999999999995,-3.5441308758126038
1.05,5.449999999999995,-3.6080314227584354
1.1,5.449999999999995,-3.674277125807044
1.1500000000000001,5.449999999999995,-3.742999417794003
1.2000000000000002,5.449999999999995,-3.8143397334876523
1.2500000000000002,5.449999999999995,-3.888450478810665
1.3000000000000003,5.449999999999995,-3.9654961149131824
1.3500000000000003,5.449999999999995,-4.045654373283549
1.4000000000000004,5.449999999999995,-4.129117620741136
1.4500000000000004,5.449999999999995,-4.216094396315328
1.5000000000000004,5.449999999999995,-4.306811145782557
1.5500000000000005,5.449999999999995,-4.401514184142065
1.6000000000000005,5.449999999999995,-4.500471921726327
1.6500000000000006,5.449999999999995,-4.603977396170647
1.7000000000000006,5.449999999999995,-4.712351160368249
1.7500000000000007,5.449999999999995,-4.825944586140727
1.8000000000000007,5.449999999999995,-4.945143655075349
1.8500000000000008,5.449999999999995,-5.070373322352317
1.9000000000000008,5.449999999999995,-5.202102557088139
1.9500000000000008,5.449999999999995,-5.340850184635807
2.000000000000001,5.449999999999995,-5.487191683549828
2.0500000000000007,5.449999999999995,-5.641767124035858
2.100000000000001,5.449999999999995,-5.805290477620632
2.1500000000000012,5.449999999999995,-5.978560582093646
2.200000000000001,5.449999999999995,-6.162474114947745
2.250000000000001,5.449999999999995,-6.358041017231301
2.300000000000001,5.449999999999995,-6.566402924218361
2.3500000000000014,5.449999999999995,-6.788855308209273
2.4000000000000012,5.449999999999995,-7.026874233953221
2.450000000000001,5.449999999999995,-7.2821488851410106
2.5000000000000013,5.449999999999995,-7.556621364351934
2.5500000000000016,5.449999999999995,-7.85253573171611
2.6000000000000014,5.449999999999995,-8.172498876742214
2.6500000000000012,5.449999999999995,-8.519556682157445
2.7000000000000015,5.449999999999995,-8.89729013972468
2.7500000000000018,5.449999999999995,-9.309937767482127
2.8000000000000016,5.449999999999995,-9.762553085582654
2.8500000000000014,5.449999999999995,-10.247203828802293
2.9000000000000017,5.449999999999995,-10.697510001091686
2.950000000000002,5.449999999999995,-11.101685463093016
3.0000000000000018,5.449999999999995,-11.476291986202135
3.0500000000000016,5.449999999999995,-11.873114974574122
3.100000000000002,5.449999999999995,-12.387532477426275
3.150000000000002,5.449999999999995,-13.145180562171031
3.200000000000002,5.449999999999995,-14.25203407914765
3.2500000000000018,5.449999999999995,-15.615296733149183
3.300000000000002,5.449999999999995,-17.229299885144435
3.3500000000000023,5.449999999999995,-19.16865940739346
3.400000000000002,5.449999999999995,-21.538055832113276
3.450000000000002,5.449999999999995,-24.386175146658903
3.500000000000002,5.449999999999995,-27.74182465232152
3.5500000000000025,5.449999999999995,-31.819718453077893
3.6000000000000023,5.449999999999995,-37.07101053456059
3.650000000000002,5.449999999999995,-44.399006946809294
3.7000000000000024,5.449999999999995,-55.455932850921684
3.7500000000000027,5.449999999999995,-71.89840085105325
3.8000000000000025,5.449999999999995,-88.20191675211275
3.8500000000000023,5.449999999999995,-84.95417743358439
3.9000000000000026,5.449999999999995,-64.79944451703042
3.950000000000003,5.449999999999995,-46.32456948215977
4.000000000000003,5.449999999999995,-33.165530704000744
4.0500000000000025,5.449999999999995,-23.442153979183818
4.100000000000003,5.449999999999995,-15.013252078143918
4.150000000000003,5.449999999999995,-5.541695681876025
4.200000000000003,5.449999999999995,9.171625958729273
4.250000000000003,5.449999999999995,41.18166027343405
4.3000000000000025,5.449999999999995,144.72056635479458
4.350000000000003,5.449999999999995,868.7540005388588
4.400000000000003,5.449999999999995,48983.029854833025
4.450000000000003,5.449999999999995,1038.137289389347
4.5000000000000036,5.449999999999995,161.38241801646777
4.550000000000003,5.449999999999995,47.029782399610625
4.600000000000003,5.449999999999995,13.508734494976345
4.650000000000003,5.449999999999995,0.17146185603907504
4.700000000000003,5.449999999999995,-5.805897366525205
4.7500000000000036,5.449999999999995,-8.465564024162205
4.800000000000003,5.449999999999995,-9.438895527243147
4.850000000000003,5.449999999999995,-9.521429640062829
4.900000000000004,5.449999999999995,-9.221267005912905
4.950000000000004,5.449999999999995,-8.819096564825381
5.0000000000000036,5.449999999999995,-8.447814263407118
5.050000000000003,5.449999999999995,-8.10644317183787
5.100000000000003,5.449999999999995,-7.791518163639419
5.150000000000004,5.449999999999995,-7.5000881265532096
5.200000000000004,5.449999999999995,-7.229624282415022
5.2500000000000036,5.449999999999995,-6.977947410191886
5.300000000000004,5.449999999999995,-6.743169585748195
5.350000000000004,5.449999999999995,-6.523647175476194
5.400000000000004,5.449999999999995,-6.317942631406038
5.450000000000004,5.449999999999995,-6.124793226642997
5.5000000000000036,5.449999999999995,-5.943085305823353
5.550000000000004,5.449999999999995,-5.771832949750543
5.600000000000004,5.449999999999995,-5.610160197168945
5.650000000000004,5.449999999999995,-5.457286151409809
5.700000000000005,5.449999999999995,-5.312512440839585
5.750000000000004,5.449999999999995,-5.175212610769812
5.800000000000004,5.449999999999995,-5.044823108828186
5.850000000000004,5.449999999999995,-4.920835591665905
5.900000000000004,5.449999999999995,-4.802790332666846
5.950000000000005,5.449999999999995,-4.690270551294944
1.0,5.499999999999995,-3.54566772326717
1.05,5.499999999999995,-3.60965294430134
1.1,5.499999999999995,-3.675989656516033
1.1500000000000001,5.499999999999995,-3.744809896350936
1.2000000000000002,5.499999999999995,-3.8162557725138724
1.2500000000000002,5.499999999999995,-3.8904804449509016
1.3000000000000003,5.499999999999995,-3.967649220242904
1.3500000000000003,5.499999999999995,-4.047940779906729
1.4000000000000004,5.499999999999995,-4.131548560798856
1.4500000000000004,5.499999999999995,-4.21868231005507
1.5000000000000004,5.499999999999995,-4.30956984086168
1.5500000000000005,5.499999999999995,-4.4044590199801466
1.6000000000000005,5.499999999999995,-4.503620023509459
1.6500000000000006,5.499999999999995,-4.607347904084334
1.7000000000000006,5.499999999999995,-4.715965520843437
1.7500000000000007,5.499999999999995,-4.829826893402965
1.8000000000000007,5.499999999999995,-4.949321053173065
1.8500000000000008,5.499999999999995,-5.074876480214959
1.9000000000000008,5.499999999999995,-5.206966232171597
1.9500000000000008,5.499999999999995,-5.346113894540924
2.000000000000001,5.499999999999995,-5.492900509903845
2.0500000000000007,5.499999999999995,-5.647972679248029
2.100000000000001,5.499999999999995,-5.812052073325921
2.1500000000000012,5.499999999999995,-5.985946648816494
2.200000000000001,5.499999999999995,-6.170563936626266
2.250000000000001,5.499999999999995,-6.366926862958041
2.300000000000001,5.499999999999995,-6.5761926845867045
2.3500000000000014,5.499999999999995,-6.799675777429776
2.4000000000000012,5.499999999999995,-7.038875224898531
2.450000000000001,5.499999999999995,-7.295508427731377
2.5000000000000013,5.499999999999995,-7.5715523255996615
2.5500000000000016,5.499999999999995,-7.869294319291418
2.6000000000000014,5.499999999999995,-8.19139566364788
2.6500000000000012,5.499999999999995,-8.54097104328254
2.7000000000000015,5.499999999999995,-8.921689360917709
2.7500000000000018,5.499999999999995,-9.337902636251906
2.8000000000000016,5.499999999999995,-9.794812599092928
2.8500000000000014,5.499999999999995,-10.298688481679681
2.9000000000000017,5.499999999999995,-10.850252319391855
2.950000000000002,5.499999999999995,-11.412471554462451
3.0000000000000018,5.499999999999995,-11.994990458985702
3.0500000000000016,5.499999999999995,-12.633986576441108
3.100000000000002,5.499999999999995,-13.384888591684598
3.150000000000002,5.499999999999995,-14.315314029523522
3.200000000000002,5.499999999999995,-15.487087403514604
3.2500000000000018,5.499999999999995,-16.89034095769846
3.300000000000002,5.499999999999995,-18.560811499705327
3.3500000000000023,5.499999999999995,-20.58248720730089
3.400000000000002,5.499999999999995,-23.04792179041635
3.450000000000002,5.499999999999995,-25.98920183900843
3.500000000000002,5.499999999999995,-29.554307403445048
3.5500000000000025,5.499999999999995,-33.97845540525056
3.6000000000000023,5.499999999999995,-39.87633261413125
3.650000000000002,5.499999999999995,-48.76971095609936
3.7000000000000024,5.499999999999995,-64.89195045130523
3.7500000000000027,5.499999999999995,-101.1501105781261
3.8000000000000025,5.499999999999995,-181.5987050259828
3.8500000000000023,5.499999999999995,-161.12768649923797
3.9000000000000026,5.499999999999995,-82.94528001285062
3.950000000000003,5.499999999999995,-46.286341215653266
4.000000000000003,5.499999999999995,-27.08884318094487
4.0500000000000025,5.499999999999995,-14.88718283858072
4.100000000000003,5.499999999999995,-5.2554348721315165
4.150000000000003,5.499999999999995,4.867320078796865
4.200000000000003,5.499999999999995,19.920905645593876
4.250000000000003,5.499999999999995,52.11055066000392
4.3000000000000025,5.499999999999995,155.76380390353876
4.350000000000003,5.499999999999995,879.873361552208
4.400000000000003,5.499999999999995,48994.201793114036
4.450000000000003,5.499999999999995,1048.256770544407
4.5000000000000036,5.499999999999995,168.3194910971907
4.550000000000003,5.499999999999995,50.91879753429029
4.600000000000003,5.499999999999995,15.446879425919573
4.650000000000003,5.499999999999995,1.0819768172613795
4.700000000000003,5.499999999999995,-5.387091848157686
4.7500000000000036,5.499999999999995,-8.271242758643123
4.800000000000003,5.499999999999995,-9.355310396463034
4.850000000000003,5.499999999999995,-9.533502184845904
4.900000000000004,5.499999999999995,-9.248465758756268
4.950000000000004,5.499999999999995,-8.842856415613412
5.0000000000000036,5.499999999999995,-8.468690860956363
5.050000000000003,5.499999999999995,-8.124884411646295
5.100000000000003,5.499999999999995,-7.807888302932814
5.150000000000004,5.499999999999995,-7.514685834907508
5.200000000000004,5.499999999999995,-7.242696309012594
5.2500000000000036,5.499999999999995,-6.9896990424940615
5.300000000000004,5.499999999999995,-6.753772731895782
5.350000000000004,5.499999999999995,-6.533246667632611
5.400000000000004,5.499999999999995,-6.326661183652646
5.450000000000004,5.499999999999995,-6.132735365729007
5.5000000000000036,5.499999999999995,-5.950340510838251
5.550000000000004,5.499999999999995,-5.778478177487153
5.600000000000004,5.499999999999995,-5.616261926738772
5.650000000000004,5.499999999999995,-5.462902049883929
5.700000000000005,5.499999999999995,-5.317692728086064
5.750000000000004,5.499999999999995,-5.180001183982633
5.800000000000004,5.499999999999995,-5.049258473897008
5.850000000000004,5.499999999999995,-4.9249516383820255
5.900000000000004,5.499999999999995,-4.8066169829787775
5.950000000000005,5.499999999999995,-4.693834303821681
1.0,5.5499999999999945,-3.5460912643264275
1.05,5.5499999999999945,-3.61009983425813
1.1,5.5499999999999945,-3.6764616435676523
1.1500000000000001,5.5499999999999945,-3.7453088954151403
1.2000000000000002,5.5499999999999945,-3.8167838846774886
1.2500000000000002,5.5499999999999945,-3.891039979617528
1.3000000000000003,5.5499999999999945,-3.968242720416394
1.3500000000000003,5.5499999999999945,-4.04857105112829
1.4000000000000004,5.5499999999999945,-4.132218704353807
1.4500000000000004,5.5499999999999945,-4.219395761184639
1.5000000000000004,5.5499999999999945,-4.310330412860862
1.5500000000000005,5.5499999999999945,-4.405270955240992
1.6000000000000005,5.5499999999999945,-4.504488052788556
1.6500000000000006,5.5499999999999945,-4.608277315544367
1.7000000000000006,5.5499999999999945,-4.716962240755095
1.7500000000000007,5.5499999999999945,-4.830897580813133
1.8000000000000007,5.5499999999999945,-4.950473211371127
1.8500000000000008,5.5499999999999945,-5.076118588491666
1.9000000000000008,5.5499999999999945,-5.208307902204494
1.9500000000000008,5.5499999999999945,-5.347566056809953
2.000000000000001,5.5499999999999945,-5.494475636911986
2.0500000000000007,5.5499999999999945,-5.649685054090834
2.100000000000001,5.5499999999999945,-5.813918114451161
2.1500000000000012,5.5499999999999945,-5.987985304819947
2.200000000000001,5.5499999999999945,-6.172797168888891
2.250000000000001,5.5499999999999945,-6.369380239187925
2.300000000000001,5.5499999999999945,-6.5788961133705275
2.3500000000000014,5.5499999999999945,-6.802664423411715
2.4000000000000012,5.5499999999999945,-7.042190657178118
2.450000000000001,5.5499999999999945,-7.299200071942417
2.5000000000000013,5.5499999999999945,-7.5756793150118735
2.5500000000000016,5.5499999999999945,-7.873927875311001
2.6000000000000014,5.5499999999999945,-8.196622186033855
2.6500000000000012,5.5499999999999945,-8.546896162525051
2.7000000000000015,5.5499999999999945,-8.928443310884465
2.7500000000000018,5.5499999999999945,-9.345647462370563
2.8000000000000016,5.5499999999999945,-9.803751955008975
2.8500000000000014,5.5499999999999945,-10.30908113329212
2.9000000000000017,5.5499999999999945,-10.8693340667145
2.950000000000002,5.5499999999999945,-11.49397953603961
3.0000000000000018,5.5499999999999945,-12.180936905674981
3.0500000000000016,5.5499999999999945,-12.935281990395378
3.100000000000002,5.5499999999999945,-13.792848094392909
3.150000000000002,5.5499999999999945,-14.796939605535695
3.200000000000002,5.5499999999999945,-15.992680773420181
3.2500000000000018,5.5499999999999945,-17.40729149487117
3.300000000000002,5.5499999999999945,-19.093892927791632
3.3500000000000023,5.5499999999999945,-21.13926596063823
3.400000000000002,5.5499999999999945,-23.589023607322503
3.450000000000002,5.5499999999999945,-26.462851282969716
3.500000000000002,5.5499999999999945,-29.88524931928219
3.5500000000000025,5.5499999999999945,-34.05113006225349
3.6000000000000023,5.5499999999999945,-39.32668300722974
3.650000000000002,5.5499999999999945,-46.84318372711133
3.7000000000000024,5.5499999999999945,-60.866150881273256
3.7500000000000027,5.5499999999999945,-103.34700069313746
3.8000000000000025,5.5499999999999945,-421.5153449164092
3.8500000000000023,5.5499999999999945,-264.18064733159696
3.9000000000000026,5.5499999999999945,-61.99221492168979
3.950000000000003,5.5499999999999945,-14.097617445974855
4.000000000000003,5.5499999999999945,7.631003117011247
4.0500000000000025,5.5499999999999945,20.738690352954976
4.100000000000003,5.5499999999999945,30.787208130912646
4.150000000000003,5.5499999999999945,41.09748035606704
4.200000000000003,5.5499999999999945,56.24050307307981
4.250000000000003,5.5499999999999945,88.48298576521543
4.3000000000000025,5.5499999999999945,192.1694241069275
4.350000000000003,5.5499999999999945,916.3008584920316
4.400000000000003,5.5499999999999945,49030.6442901219
4.450000000000003,5.5499999999999945,1079.4212887944755
4.5000000000000036,5.5499999999999945,186.42599613426847
4.550000000000003,5.5499999999999945,59.50818016858834
4.600000000000003,5.5499999999999945,19.258997086589545
4.650000000000003,5.5499999999999945,2.773040706029498
4.700000000000003,5.5499999999999945,-4.6095354673762685
4.7500000000000036,5.5499999999999945,-7.898813497026375
4.800000000000003,5.5499999999999945,-9.208173985137854
4.850000000000003,5.5499999999999945,-9.500231068983776
4.900000000000004,5.5499999999999945,-9.255997615723697
4.950000000000004,5.5499999999999945,-8.849432775732405
5.0000000000000036,5.5499999999999945,-8.474466719753638
5.050000000000003,5.5499999999999945,-8.129984573433923
5.100000000000003,5.5499999999999945,-7.8124141707259245
5.150000000000004,5.5499999999999945,-7.51872048375817
5.200000000000004,5.5499999999999945,-7.2463083212910036
5.2500000000000036,5.5499999999999945,-6.992945438669888
5.300000000000004,5.5499999999999945,-6.7567012325956375
5.350000000000004,5.5499999999999945,-6.535897455806767
5.400000000000004,5.5499999999999945,-6.329068289209047
5.450000000000004,5.5499999999999945,-6.1349277623073135
5.5000000000000036,5.5499999999999945,-5.952342991130872
5.550000000000004,5.5499999999999945,-5.780312056766283
5.600000000000004,5.5499999999999945,-5.617945612064823
5.650000000000004,5.5499999999999945,-5.464451503519733
5.700000000000005,5.5499999999999945,-5.319121847003878
5.750000000000004,5.5499999999999945,-5.1813221123861775
5.800000000000004,5.5499999999999945,-5.0504818619363165
5.850000000000004,5.5499999999999945,-4.926086857392846
5.900000000000004,5.5499999999999945,-4.807672305399057
5.950000000000005,5.5499999999999945,-4.694817054257448
1.0,5.599999999999994,-3.5454003018308997
1.05,5.599999999999994,-3.609370783506611
1.1,5.599999999999994,-3.675691653074779
1.1500000000000001,5.599999999999994,-3.74449484179174
1.2000000000000002,5.599999999999994,-3.815922340916665
1.2500000000000002,5.599999999999994,-3.89012717898026
1.3000000000000003,5.599999999999994,-3.967274515204802
1.3500000000000003,5.599999999999994,-4.047542865502533
1.4000000000000004,5.599999999999994,-4.13112548018852
1.4500000000000004,5.599999999999994,-4.218231895766348
1.5000000000000004,5.599999999999994,-4.309089686990514
1.5500000000000005,5.599999999999994,-4.403946450015173
1.6000000000000005,5.599999999999994,-4.503072052975478
1.6500000000000006,5.599999999999994,-4.606761197029088
1.7000000000000006,5.599999999999994,-4.715336338980378
1.7500000000000007,5.599999999999994,-4.829151036458827
1.8000000000000007,5.599999999999994,-4.9485937886583695
1.8500000000000008,5.599999999999994,-5.0740924604189965
1.9000000000000008,5.599999999999994,-5.206119395655864
1.9500000000000008,5.599999999999994,-5.345197348732813
2.000000000000001,5.599999999999994,-5.491906390531067
2.0500000000000007,5.599999999999994,-5.6468919812432965
2.100000000000001,5.599999999999994,-5.810874446389132
2.1500000000000012,5.599999999999994,-5.984660148935859
2.200000000000001,5.599999999999994,-6.169154722375908
2.250000000000001,5.599999999999994,-6.365378822092148
2.300000000000001,5.599999999999994,-6.574486972036354
2.3500000000000014,5.599999999999994,-6.797790239848069
2.4000000000000012,5.599999999999994,-7.036783678775062
2.450000000000001,5.599999999999994,-7.293179746912291
2.5000000000000013,5.599999999999994,-7.568949278487629
2.5500000000000016,5.599999999999994,-7.866372074101377
2.6000000000000014,5.599999999999994,-8.188099848902839
2.6500000000000012,5.599999999999994,-8.537235205722594
2.7000000000000015,5.599999999999994,-8.91743159712363
2.7500000000000018,5.599999999999994,-9.333021076411807
2.8000000000000016,5.599999999999994,-9.78917927351216
2.8500000000000014,5.599999999999994,-10.292140873329869
2.9000000000000017,5.599999999999994,-10.849484566251192
2.950000000000002,5.599999999999994,-11.470515026652455
3.0000000000000018,5.599999999999994,-12.16678268425207
3.0500000000000016,5.599999999999994,-12.95280281764671
3.100000000000002,5.599999999999994,-13.847068640453472
3.150000000000002,5.599999999999994,-14.872223764258205
3.200000000000002,5.599999999999994,-16.06173629833527
3.2500000000000018,5.599999999999994,-17.45789514577517
3.300000000000002,5.599999999999994,-19.11831012066736
3.3500000000000023,5.599999999999994,-21.122664854909193
3.400000000000002,5.599999999999994,-23.460722717944847
3.450000000000002,5.599999999999994,-26.1267638689708
3.500000000000002,5.599999999999994,-29.1410340391325
3.5500000000000025,5.599999999999994,-32.456017792300926
3.6000000000000023,5.599999999999994,-35.81925784396759
3.650000000000002,5.599999999999994,-38.36602287841811
3.7000000000000024,5.599999999999994,-37.55727876055456
3.7500000000000027,5.599999999999994,-27.032480986329787
3.8000000000000025,5.599999999999994,2.4070465236747225
3.8500000000000023,5.599999999999994,49.471371441672034
3.9000000000000026,5.599999999999994,104.47437771635869
3.950000000000003,5.599999999999994,136.3584665296329
4.000000000000003,5.599999999999994,154.41247938776704
4.0500000000000025,5.599999999999994,166.28731585429566
4.100000000000003,5.599999999999994,175.80371645108912
4.150000000000003,5.599999999999994,185.85074691140645
4.200000000000003,5.599999999999994,200.84956542188684
4.250000000000003,5.599999999999994,233.00662167531868
4.3000000000000025,5.599999999999994,336.6393058715661
4.350000000000003,5.599999999999994,1060.7352555645637
4.400000000000003,5.599999999999994,49175.05433210642
4.450000000000003,5.599999999999994,1183.4609680162177
4.5000000000000036,5.599999999999994,226.6402915458867
4.550000000000003,5.599999999999994,73.39031968697624
4.600000000000003,5.599999999999994,24.353346605145344
4.650000000000003,5.599999999999994,4.826004249577883
4.700000000000003,5.599999999999994,-3.713166286782414
4.7500000000000036,5.599999999999994,-7.505470299193434
4.800000000000003,5.599999999999994,-9.041597984042351
4.850000000000003,5.599999999999994,-9.439316908040082
4.900000000000004,5.599999999999994,-9.243457127600722
4.950000000000004,5.599999999999994,-8.838710471339745
5.0000000000000036,5.599999999999994,-8.465049029214969
5.050000000000003,5.599999999999994,-8.121668197979805
5.100000000000003,5.599999999999994,-7.805033909574205
5.150000000000004,5.599999999999994,-7.512140979674991
5.200000000000004,5.599999999999994,-7.240417819149284
5.2500000000000036,5.599999999999994,-6.987651015055213
5.300000000000004,5.599999999999994,-6.751925113256036
5.350000000000004,5.599999999999994,-6.531574146467766
5.400000000000004,5.599999999999994,-6.325142320782195
5.450000000000004,5.599999999999994,-6.13135190463879
5.5000000000000036,5.599999999999994,-5.949076827256858
5.550000000000004,5.599999999999994,-5.777320836873273
5.600000000000004,5.599999999999994,-5.615199326167196
5.650000000000004,5.599999999999994,-5.461924126426894
5.700000000000005,5.599999999999994,-5.316790719947563
5.750000000000004,5.599999999999994,-5.179167433757157
5.800000000000004,5.599999999999994,-5.0484862656734775
5.850000000000004,5.599999999999994,-4.924235062199973
5.900000000000004,5.599999999999994,-4.8059508215120355
5.950000000000005,5.599999999999994,-4.693213937220059
1.0,5.649999999999994,-3.5435967884274513
1.05,5.649999999999994,-3.6074679272878987
1.1,5.649999999999994,-3.673682023747898
1.1500000000000001,5.649999999999994,-3.742370301373402
1.2000000000000002,5.649999999999994,-3.8136739613062347
1.2500000000000002,5.649999999999994,-3.887745148114414
1.3000000000000003,5.649999999999994,-3.9647480299502558
1.3500000000000003,5.649999999999994,-4.044860009101658
1.4000000000000004,5.649999999999994,-4.1282730816592705
1.4500000000000004,5.649999999999994,-4.215195368155741
1.5000000000000004,5.649999999999994,-4.305852840768663
1.5500000000000005,5.649999999999994,-4.400491277147266
1.6000000000000005,5.649999999999994,-4.499378476287627
1.6500000000000006,5.649999999999994,-4.602806778346204
1.7000000000000006,5.649999999999994,-4.7110959381030435
1.7500000000000007,5.649999999999994,-4.824596411287491
1.8000000000000007,5.649999999999994,-4.94369312457067
1.8500000000000008,5.649999999999994,-5.068809814233292
1.9000000000000008,5.649999999999994,-5.200414036004508
1.9500000000000008,5.649999999999994,-5.339022970201192
2.000000000000001,5.649999999999994,-5.48521017319756
2.0500000000000007,5.649999999999994,-5.639613459883285
2.100000000000001,5.649999999999994,-5.802944144043777
2.1500000000000012,5.649999999999994,-5.9759979170562545
2.200000000000001,5.649999999999994,-6.159667713319292
2.250000000000001,5.649999999999994,-6.3549589979558885
2.300000000000001,5.649999999999994,-6.563008024683951
2.3500000000000014,5.649999999999994,-6.785103757697584
2.4000000000000012,5.649999999999994,-7.022714342456597
2.450000000000001,5.649999999999994,-7.277519262423655
2.5000000000000013,5.649999999999994,-7.551448654436203
2.5500000000000016,5.649999999999994,-7.846731706326158
2.6000000000000014,5.649999999999994,-8.165956672136153
2.6500000000000012,5.649999999999994,-8.512145878848706
2.7000000000000015,5.649999999999994,-8.888850260882815
2.7500000000000018,5.649999999999994,-9.300269588961859
2.8000000000000016,5.649999999999994,-9.751406876011655
2.8500000000000014,5.649999999999994,-10.248268778078112
2.9000000000000017,5.649999999999994,-10.798128682317676
2.950000000000002,5.649999999999994,-11.409876409937826
3.0000000000000018,5.649999999999994,-12.094489387792402
3.0500000000000016,5.649999999999994,-12.8656769442051
3.100000000000002,5.649999999999994,-13.740775735845778
3.150000000000002,5.649999999999994,-14.74201652192503
3.200000000000002,5.649999999999994,-15.898351652141045
3.2500000000000018,5.649999999999994,-17.248148639964175
3.300000000000002,5.649999999999994,-18.84325460520352
3.3500000000000023,5.649999999999994,-20.74795363480997
3.400000000000002,5.649999999999994,-22.909713267539782
3.450000000000002,5.649999999999994,-25.27740855079723
3.500000000000002,5.649999999999994,-27.751460084828977
3.5500000000000025,5.649999999999994,-30.0003112957432
3.6000000000000023,5.649999999999994,-31.00857814529325
3.650000000000002,5.649999999999994,-27.513293316434527
3.7000000000000024,5.649999999999994,-7.454417566770417
3.7500000000000027,5.649999999999994,86.50275075645749
3.8000000000000025,5.649999999999994,650.7154593284379
3.8500000000000023,5.649999999999994,1598.9412816452032
3.9000000000000026,5.649999999999994,1614.4158801860297
3.950000000000003,5.649999999999994,1630.22746524875
4.000000000000003,5.649999999999994,1642.4272197846597
4.0500000000000025,5.649999999999994,1651.8836102952146
4.100000000000003,5.649999999999994,1660.2622055320546
4.150000000000003,5.649999999999994,1669.7141885159774
4.200000000000003,5.649999999999994,1684.3747930711506
4.250000000000003,5.649999999999994,1716.3265254712742
4.3000000000000025,5.649999999999994,1819.827788610498
4.350000000000003,5.649999999999994,2543.8359063758926
4.400000000000003,5.649999999999994,50658.09414139633
4.450000000000003,5.649999999999994,1628.5569254864517
4.5000000000000036,5.649999999999994,292.1745982820282
4.550000000000003,5.649999999999994,87.93781876703952
4.600000000000003,5.649999999999994,28.712184073692892
4.650000000000003,5.649999999999994,6.4152504614678705
4.700000000000003,5.649999999999994,-3.056234892407078
4.7500000000000036,5.649999999999994,-7.209654841855986
4.800000000000003,5.649999999999994,-8.900835677120291
4.850000000000003,5.649999999999994,-9.37027086759229
4.900000000000004,5.649999999999994,-9.209397479067631
4.950000000000004,5.649999999999994,-8.810877052379078
5.0000000000000036,5.649999999999994,-8.440588947042611
5.050000000000003,5.649999999999994,-8.100058200747256
5.100000000000003,5.649999999999994,-7.785848291644753
5.150000000000004,5.649999999999994,-7.495030568417073
5.200000000000004,5.649999999999994,-7.22509405426747
5.2500000000000036,5.649999999999994,-6.973873758547801
5.300000000000004,5.649999999999994,-6.7394932242055585
5.350000000000004,5.649999999999994,-6.520318127092352
5.400000000000004,5.649999999999994,-6.314918529800782
5.450000000000004,5.649999999999994,-6.122037967765933
5.5000000000000036,5.649999999999994,-5.940567970114618
5.550000000000004,5.649999999999994,-5.769526934501801
5.600000000000004,5.649999999999994,-5.608042513545213
5.650000000000004,5.649999999999994,-5.455336851390221
5.700000000000005,5.649999999999994,-5.310714147363398
5.750000000000004,5.649999999999994,-5.173550130393995
5.800000000000004,5.649999999999994,-5.043283110753469
5.850000000000004,5.649999999999994,-4.919406340454115
5.900000000000004,5.649999999999994,-4.801461464631275
5.950000000000005,5.649999999999994,-4.6890328865992625
1.0,5.699999999999994,-3.54068581126439
1.05,5.699999999999994,-3.6043968278624177
1.1,5.699999999999994,-3.670438847195588
1.1500000000000001,5.699999999999994,-3.7389419567126128
1.2000000000000002,5.699999999999994,-3.8100460894614225
1.2500000000000002,5.699999999999994,-3.8839019717141476
1.3000000000000003,5.699999999999994,-3.9606721819679906
1.3500000000000003,5.699999999999994,-4.040532336866288
1.4000000000000004,5.699999999999994,-4.123672422108288
1.4500000000000004,5.699999999999994,-4.210298289409894
1.5000000000000004,5.699999999999994,-4.300633344139783
1.5500000000000005,5.699999999999994,-4.394920452508087
1.6000000000000005,5.699999999999994,-4.493424102279723
1.6500000000000006,5.699999999999994,-4.596432857110565
1.7000000000000006,5.699999999999994,-4.704262151998207
1.7500000000000007,5.699999999999994,-4.81725748629764
1.8000000000000007,5.699999999999994,-4.935798081650946
1.8500000000000008,5.699999999999994,-5.0603010854962545
1.9000000000000008,5.699999999999994,-5.19122641716267
1.9500000000000008,5.699999999999994,-5.329082373705052
2.000000000000001,5.699999999999994,-5.474432137592043
2.0500000000000007,5.699999999999994,-5.6279013594378995
2.100000000000001,5.699999999999994,-5.7901870278681224
2.1500000000000012,5.699999999999994,-5.962067887568382
2.200000000000001,5.699999999999994,-6.144416728545067
2.250000000000001,5.699999999999994,-6.338214948562566
2.300000000000001,5.699999999999994,-6.544569891897803
2.3500000000000014,5.699999999999994,-6.764735598099331
2.4000000000000012,5.699999999999994,-7.000137764066818
2.450000000000001,5.699999999999994,-7.252403944804085
2.5000000000000013,5.699999999999994,-7.52340031109397
2.5500000000000016,5.699999999999994,-7.815276671861647
2.6000000000000014,5.699999999999994,-8.130521991454906
2.6500000000000012,5.699999999999994,-8.472033339167833
2.7000000000000015,5.699999999999994,-8.843202174376007
2.7500000000000018,5.699999999999994,-9.248023203553139
2.8000000000000016,5.699999999999994,-9.69123290357304
2.8500000000000014,5.699999999999994,-10.178487423939945
2.9000000000000017,5.699999999999994,-10.716593310883962
2.950000000000002,5.699999999999994,-11.313809871175394
3.0000000000000018,5.699999999999994,-11.98024982589191
3.0500000000000016,5.699999999999994,-12.728416442653606
3.100000000000002,5.699999999999994,-13.57393250037224
3.150000000000002,5.699999999999994,-14.536542172411798
3.200000000000002,5.699999999999994,-15.641505609172011
3.2500000000000018,5.699999999999994,-16.92156386247989
3.300000000000002,5.699999999999994,-18.419736254253042
3.3500000000000023,5.699999999999994,-20.184850831742892
3.400000000000002,5.699999999999994,-22.136167955544547
3.450000000000002,5.699999999999994,-24.177843445614773
3.500000000000002,5.699999999999994,-26.12221779996933
3.5500000000000025,5.699999999999994,-27.459307587845522
3.6000000000000023,5.699999999999994,-26.780491174831447
3.650000000000002,5.699999999999994,-19.841530538386603
3.7000000000000024,5.699999999999994,8.584506271976004
3.7500000000000027,5.699999999999994,136.39655806756556
3.8000000000000025,5.699999999999994,1416.9402498285478
3.8500000000000023,5.699999999999994,7487.21722745388
3.9000000000000026,5.699999999999994,5806.408662947871
3.950000000000003,5.699999999999994,5814.330834039726
4.000000000000003,5.699999999999994,5822.0475482884385
4.0500000000000025,5.699999999999994,5829.119250500338
4.100000000000003,5.699999999999994,5836.195795610056
4.150000000000003,5.699999999999994,5844.900728793583
4.200000000000003,5.699999999999994,5859.110133110925
4.250000000000003,5.699999999999994,5890.776298507324
4.3000000000000025,5.699999999999994,5994.089275207941
4.350000000000003,5.699999999999994,6717.968781148699
4.400000000000003,5.699999999999994,1089967.2093738285
4.450000000000003,5.699999999999994,2064.364563609447
4.5000000000000036,5.699999999999994,314.86241816344926
4.550000000000003,5.699999999999994,91.73290655071733
4.600000000000003,5.699999999999994,29.791335005284164
4.650000000000003,5.699999999999994,6.84119677349709
4.700000000000003,5.699999999999994,-2.8430000841517096
4.7500000000000036,5.699999999999994,-7.082000374903081
4.800000000000003,5.699999999999994,-8.813794859642059
4.850000000000003,5.699999999999994,-9.30532318102402
4.900000000000004,5.699999999999994,-9.157913938179421
4.950000000000004,5.699999999999994,-8.766413764926964
5.0000000000000036,5.699999999999994,-8.401474917650141
5.050000000000003,5.699999999999994,-8.065470865363954
5.100000000000003,5.699999999999994,-7.755116924453579
5.150000000000004,5.699999999999994,-7.467603929027677
5.200000000000004,5.699999999999994,-7.200515782777997
5.2500000000000036,5.699999999999994,-6.951763472783165
5.300000000000004,5.699999999999994,-6.719531860394344
5.350000000000004,5.699999999999994,-6.502236471233044
5.400000000000004,5.699999999999994,-6.298488171410753
5.450000000000004,5.699999999999994,-6.107064109395749
5.5000000000000036,5.699999999999994,-5.926883670635409
5.550000000000004,5.699999999999994,-5.756988468977678
5.600000000000004,5.699999999999994,-5.5965256092052655
5.650000000000004,5.699999999999994,-5.44473361587606
5.700000000000005,5.699999999999994,-5.300930547654027
5.750000000000004,5.699999999999994,-5.164503912540058
5.800000000000004,5.699999999999994,-5.034902074584102
5.850000000000004,5.699999999999994,-4.91162690175568
5.900000000000004,5.699999999999994,-4.794227451386802
5.950000000000005,5.699999999999994,-4.682294526776724
1.0,5.749999999999994,-3.5366755522301325
1.05,5.749999999999994,-3.600166429460442
1.1,5.749999999999994,-3.6659719167681026
1.1500000000000001,5.749999999999994,-3.7342205487941027
1.2000000000000002,5.749999999999994,-3.805050526100305
1.2500000000000002,5.749999999999994,-3.8786106380957435
1.3000000000000003,5.749999999999994,-3.955061293386734
1.3500000000000003,5.749999999999994,-4.034575672370282
1.4000000000000004,5.749999999999994,-4.117341019263922
1.4500000000000004,5.749999999999994,-4.2035600935732536
1.5000000000000004,5.749999999999994,-4.293452804330874
1.5500000000000005,5.749999999999994,-4.387258054407555
1.6000000000000005,5.749999999999994,-4.485235826934921
1.6500000000000006,5.749999999999994,-4.587669551557859
1.7000000000000006,5.749999999999994,-4.6948687950651955
1.7500000000000007,5.749999999999994,-4.807172329192478
1.8000000000000007,5.749999999999994,-4.92495163838204
1.8500000000000008,5.749999999999994,-5.048614942440613
1.9000000000000008,5.749999999999994,-5.178611823882821
1.9500000000000008,5.749999999999994,-5.315438567963783
2.000000000000001,5.749999999999994,-5.459644345848509
2.0500000000000007,5.749999999999994,-5.611838399148401
2.100000000000001,5.749999999999994,-5.772698418610406
2.1500000000000012,5.749999999999994,-5.942980352935714
2.200000000000001,5.749999999999994,-6.123529937968774
2.250000000000001,5.749999999999994,-6.315296305036025
2.300000000000001,5.749999999999994,-6.519348114261328
2.3500000000000014,5.749999999999994,-6.736892769873189
2.4000000000000012,5.749999999999994,-6.969299417382575
2.450000000000001,5.749999999999994,-7.21812660719311
2.5000000000000013,5.749999999999994,-7.485155749444036
2.5500000000000016,5.749999999999994,-7.772431799392306
2.6000000000000014,5.749999999999994,-8.082313027043435
2.6500000000000012,5.749999999999994,-8.41753227432634
2.7000000000000015,5.749999999999994,-8.781272836655877
2.7500000000000018,5.749999999999994,-9.17726309087094
2.8000000000000016,5.749999999999994,-9.609895322113793
2.8500000000000014,5.749999999999994,-10.084376008071334
2.9000000000000017,5.749999999999994,-10.606917278281308
2.950000000000002,5.749999999999994,-11.184982618852553
3.0000000000000018,5.749999999999994,-11.827604450111549
3.0500000000000016,5.749999999999994,-12.545797338647356
3.100000000000002,5.749999999999994,-13.353098678353557
3.150000000000002,5.749999999999994,-14.26627880161935
3.200000000000002,5.749999999999994,-15.30627385497802
3.2500000000000018,5.749999999999994,-16.499403887306237
3.300000000000002,5.749999999999994,-17.878934686951787
3.3500000000000023,5.749999999999994,-19.478604834836112
3.400000000000002,5.749999999999994,-21.193772561774868
3.450000000000002,5.749999999999994,-22.889268083530727
3.500000000000002,5.749999999999994,-24.31247506790959
3.5500000000000025,5.749999999999994,-24.845576708137546
3.6000000000000023,5.749999999999994,-22.90784479339357
3.650000000000002,5.749999999999994,-14.02383431974279
3.7000000000000024,5.749999999999994,17.110387259328178
3.7500000000000027,5.749999999999994,146.46015609863068
3.8000000000000025,5.749999999999994,1336.4264261565775
3.8500000000000023,5.749999999999994,25611.479079017394
3.9000000000000026,5.749999999999994,25614.265361346774
3.950000000000003,5.749999999999994,25618.579013732862
4.000000000000003,5.749999999999994,25623.503894538124
4.0500000000000025,5.749999999999994,25628.68091528159
4.100000000000003,5.749999999999994,25634.44336041206
4.150000000000003,5.749999999999994,25642.005103911913
4.200000000000003,5.749999999999994,25654.470106926008
4.250000000000003,5.749999999999994,25680.71581696987
4.3000000000000025,5.749999999999994,25752.064275312066
4.350000000000003,5.749999999999994,25995.470318846546
4.400000000000003,5.749999999999994,26332.27637968027
4.450000000000003,5.749999999999994,1357.2821434279545
4.5000000000000036,5.749999999999994,268.7616373813844
4.550000000000003,5.749999999999994,83.91667619590288
4.600000000000003,5.749999999999994,27.820376878366986
4.650000000000003,5.749999999999994,6.264135814422879
4.700000000000003,5.749999999999994,-2.9962638870715956
4.7500000000000036,5.749999999999994,-7.088470854093478
4.800000000000003,5.749999999999994,-8.76728702821437
4.850000000000003,5.749999999999994,-9.241247684840163
4.900000000000004,5.749999999999994,-9.09047244357053
4.950000000000004,5.749999999999994,-8.706072782441654
5.0000000000000036,5.749999999999994,-8.348315771543001
5.050000000000003,5.749999999999994,-8.018403147506238
5.100000000000003,5.749999999999994,-7.713248607081119
5.150000000000004,5.749999999999994,-7.430199773027986
5.200000000000004,5.749999999999994,-7.166965531379038
5.2500000000000036,5.749999999999994,-6.921557296117852
5.300000000000004,5.749999999999994,-6.692241228782548
5.350000000000004,5.749999999999994,-6.4774991325382185
5.400000000000004,5.749999999999994,-6.275996259408924
5.450000000000004,5.749999999999994,-6.086554661316904
5.5000000000000036,5.749999999999994,-5.908131013433529
5.550000000000004,5.749999999999994,-5.73979806616025
5.600000000000004,5.749999999999994,-5.580729057409926
5.650000000000004,5.749999999999994,-5.430184552671557
5.700000000000005,5.749999999999994,-5.287501286168309
5.750000000000004,5.749999999999994,-5.152082659364926
5.800000000000004,5.749999999999994,-5.023390618463073
5.850000000000004,5.749999999999994,-4.900938684344263
5.900000000000004,5.749999999999994,-4.784285949709878
5.950000000000005,5.749999999999994,-4.673031891234954
1.0,5.799999999999994,-3.5315772243426413
1.05,5.799999999999994,-3.594788986240017
1.1,5.799999999999994,-3.6602946457832863
1.1500000000000001,5.799999999999994,-3.728220783998419
1.2000000000000002,5.799999999999994,-3.7987034229388983
1.2500000000000002,5.799999999999994,-3.871888917885915
1.3000000000000003,5.799999999999994,-3.9479349520906526
1.3500000000000003,5.799999999999994,-4.0270116479901
1.4000000000000004,5.799999999999994,-4.109302811018767
1.4500000000000004,5.799999999999994,-4.195007324722009
1.5000000000000004,5.799999999999994,-4.284340718931335
1.5500000000000005,5.799999999999994,-4.377536936384876
1.6000000000000005,5.799999999999994,-4.474850327485591
1.6500000000000006,5.799999999999994,-4.576557908032259
1.7000000000000006,5.799999999999994,-4.682961920914455
1.7500000000000007,5.799999999999994,-4.794392750156986
1.8000000000000007,5.799999999999994,-4.911212244611038
1.8500000000000008,5.799999999999994,-5.033817519367964
1.9000000000000008,5.799999999999994,-5.162645316055393
1.9500000000000008,5.799999999999994,-5.298177019116621
2.000000000000001,5.799999999999994,-5.440944444671158
2.0500000000000007,5.799999999999994,-5.591536542493744
2.100000000000001,5.799999999999994,-5.750607181160979
2.1500000000000012,5.799999999999994,-5.918884222945008
2.200000000000001,5.799999999999994,-6.097180140439314
2.250000000000001,5.799999999999994,-6.286404483575845
2.300000000000001,5.799999999999994,-6.487578576730071
2.3500000000000014,5.799999999999994,-6.701852915024609
2.4000000000000012,5.799999999999994,-6.930527841948865
2.450000000000001,5.799999999999994,-7.175078233802359
2.5000000000000013,5.799999999999994,-7.437183099083312
2.5500000000000016,5.799999999999994,-7.7187612342732015
2.6000000000000014,5.799999999999994,-8.02201437638423
2.6500000000000012,5.799999999999994,-8.34947967622192
2.7000000000000015,5.799999999999994,-8.70409380867741
2.7500000000000018,5.799999999999994,-9.089271667140258
2.8000000000000016,5.799999999999994,-9.509003392964427
2.8500000000000014,5.799999999999994,-9.96797450442272
2.9000000000000017,5.799999999999994,-10.471715142340251
2.950000000000002,5.799999999999994,-11.026785942398881
3.0000000000000018,5.799999999999994,-11.641009699664956
3.0500000000000016,5.799999999999994,-12.32375954647738
3.100000000000002,5.799999999999994,-13.08631514276591
3.150000000000002,5.799999999999994,-13.942296799892656
3.200000000000002,5.799999999999994,-14.908180024941359
3.2500000000000018,5.799999999999994,-16.003872125173558
3.300000000000002,5.799999999999994,-17.253282231548962
3.3500000000000023,5.799999999999994,-18.67968161115197
3.400000000000002,5.799999999999994,-20.171364724171855
3.450000000000002,5.799999999999994,-21.569688698238533
3.500000000000002,5.799999999999994,-22.609207294693398
3.5500000000000025,5.799999999999994,-22.69751701518157
3.6000000000000023,5.799999999999994,-20.45610276680574
3.650000000000002,5.799999999999994,-12.420048480500363
3.7000000000000024,5.799999999999994,11.209084631946709
3.7500000000000027,5.799999999999994,82.16808381242564
3.8000000000000025,5.799999999999994,284.6632217181995
3.8500000000000023,5.799999999999994,413.78180278706486
3.9000000000000026,5.799999999999994,415.2944390936659
3.950000000000003,5.799999999999994,417.82985880401674
4.000000000000003,5.799999999999994,421.0549725498613
4.0500000000000025,5.799999999999994,424.7907709329424
4.100000000000003,5.799999999999994,429.2354519769312
4.150000000000003,5.799999999999994,435.14290105486685
4.200000000000003,5.799999999999994,444.2806397081285
4.250000000000003,5.799999999999994,460.536162093988
4.3000000000000025,5.799999999999994,491.4572562535949
4.350000000000003,5.799999999999994,541.2830893438233
4.400000000000003,5.799999999999994,569.2682365993757
4.450000000000003,5.799999999999994,384.58650372837894
4.5000000000000036,5.799999999999994,152.36751035951863
4.550000000000003,5.799999999999994,58.275441196829405
4.600000000000003,5.799999999999994,20.278087851550424
4.650000000000003,5.799999999999994,3.6710855606018313
4.700000000000003,5.799999999999994,-3.9410946472327737
4.7500000000000036,5.799999999999994,-7.410289158510808
4.800000000000003,5.799999999999994,-8.835095705198274
4.850000000000003,5.799999999999994,-9.20244635759956
4.900000000000004,5.799999999999994,-9.008354560041369
4.950000000000004,5.799999999999994,-8.630842768355102
5.0000000000000036,5.799999999999994,-8.281915022419717
5.050000000000003,5.799999999999994,-7.9595132724338065
5.100000000000003,5.799999999999994,-7.660786528835302
5.150000000000004,5.799999999999994,-7.383269442036443
5.200000000000004,5.799999999999994,-7.124820732859586
5.2500000000000036,5.799999999999994,-6.883572751178332
5.300000000000004,5.799999999999994,-6.657889954966501
5.350000000000004,5.799999999999994,-6.446334570372308
5.400000000000004,5.799999999999994,-6.247638058329384
5.450000000000004,5.799999999999994,-6.060677297635737
5.5000000000000036,5.799999999999994,-5.884454616547556
5.550000000000004,5.799999999999994,-5.718080978879337
5.600000000000004,5.799999999999994,-5.560761767281409
5.650000000000004,5.799999999999994,-5.411784714167536
5.700000000000005,5.799999999999994,-5.270509616129873
5.750000000000004,5.799999999999994,-5.13635953555524
5.800000000000004,5.799999999999994,-5.008813247354738
5.850000000000004,5.799999999999994,-4.887398732177173
5.900000000000004,5.799999999999994,-4.771687552469373
5.950000000000005,5.799999999999994,-4.661289976039689
1.0,5.849999999999993,-3.5254049852542884
1.05,5.849999999999993,-3.5882799643839096
1.1,5.849999999999993,-3.653423956466184
1.1500000000000001,5.849999999999993,-3.720961207827636
1.2000000000000002,5.849999999999993,-3.7910251387782785
1.2500000000000002,5.849999999999993,-3.863759199603014
1.3000000000000003,5.849999999999993,-3.939317823393178
1.3500000000000003,5.849999999999993,-4.017867488623006
1.4000000000000004,5.849999999999993,-4.099587906358026
1.4500000000000004,5.849999999999993,-4.184673349309447
1.5000000000000004,5.849999999999993,-4.2733341426877045
1.5500000000000005,5.849999999999993,-4.365798340040685
1.6000000000000005,5.849999999999993,-4.462313611086953
1.6500000000000006,5.849999999999993,-4.563149373092421
1.7000000000000006,5.849999999999993,-4.668599202738378
1.7500000000000007,5.849999999999993,-4.7789835718713505
1.8000000000000007,5.849999999999993,-4.8946529582345475
1.8500000000000008,5.849999999999993,-5.015991391532468
1.9000000000000008,5.849999999999993,-5.143420506316115
1.9500000000000008,5.849999999999993,-5.277404186618988
2.000000000000001,5.849999999999993,-5.418453903549628
2.0500000000000007,5.849999999999993,-5.567134866808981
2.100000000000001,5.849999999999993,-5.724073135165591
2.1500000000000012,5.849999999999993,-5.889963860305709
2.200000000000001,5.849999999999993,-6.065580874446913
2.250000000000001,5.849999999999993,-6.251787876242858
2.300000000000001,5.849999999999993,-6.449551523776481
2.3500000000000014,5.849999999999993,-6.659956810266861
2.4000000000000012,5.849999999999993,-6.88422518047833
2.450000000000001,5.849999999999993,-7.1237359473240645
2.5000000000000013,5.849999999999993,-7.380051693074176
2.5500000000000016,5.849999999999993,-7.654948492803642
2.6000000000000014,5.849999999999993,-7.95045198451488
2.6500000000000012,5.849999999999993,-8.268880535736162
2.7000000000000015,5.849999999999993,-8.612897023626608
2.7500000000000018,5.849999999999993,-8.985571053405778
2.8000000000000016,5.849999999999993,-9.390453776677985
2.8500000000000014,5.849999999999993,-9.831667804172158
2.9000000000000017,5.849999999999993,-10.31401496206475
2.950000000000002,5.849999999999993,-10.843104662604423
3.0000000000000018,5.849999999999993,-11.425505141175233
3.0500000000000016,5.849999999999993,-12.068918160104944
3.100000000000002,5.849999999999993,-12.782373867478881
3.150000000000002,5.849999999999993,-13.576434211182285
3.200000000000002,5.849999999999993,-14.463376717778655
3.2500000000000018,5.849999999999993,-15.457298376264836
3.300000000000002,5.849999999999993,-16.57401902921113
3.3500000000000023,5.849999999999993,-17.830104421444698
3.400000000000002,5.849999999999993,-19.134225065680383
3.450000000000002,5.849999999999993,-20.318515175995998
3.500000000000002,5.849999999999993,-21.156682843547845
3.5500000000000025,5.849999999999993,-21.19598252877597
3.6000000000000023,5.849999999999993,-19.52011547710117
3.650000000000002,5.849999999999993,-14.255426878467999
3.7000000000000024,5.849999999999993,-1.6968796085162943
3.7500000000000027,5.849999999999993,23.746284094548116
3.8000000000000025,5.849999999999993,59.23102006307064
3.8500000000000023,5.849999999999993,71.20558570964472
3.9000000000000026,5.849999999999993,72.11230768180016
3.950000000000003,5.849999999999993,73.68903944546594
4.000000000000003,5.849999999999993,75.84487434185075
4.0500000000000025,5.849999999999993,78.50538468828684
4.100000000000003,5.849999999999993,81.77476931979672
4.150000000000003,5.849999999999993,86.02909152815056
4.200000000000003,5.849999999999993,92.0181511367515
4.250000000000003,5.849999999999993,100.8796771678517
4.3000000000000025,5.849999999999993,113.41649532348812
4.350000000000003,5.849999999999993,127.0790245196228
4.400000000000003,5.849999999999993,133.185031677946
4.450000000000003,5.849999999999993,113.93691495550019
4.5000000000000036,5.849999999999993,66.25495678340232
4.550000000000003,5.849999999999993,30.513630604953264
4.600000000000003,5.849999999999993,10.369916088119446
4.650000000000003,5.849999999999993,-0.14888125303387945
4.700000000000003,5.849999999999993,-5.454883277348163
4.7500000000000036,5.849999999999993,-7.97675668843169
4.800000000000003,5.849999999999993,-8.991100081725376
4.850000000000003,5.849999999999993,-9.176649475979337
4.900000000000004,5.849999999999993,-8.908580799216498
4.950000000000004,5.849999999999993,-8.541905769226146
5.0000000000000036,5.849999999999993,-8.203238431183799
5.050000000000003,5.849999999999993,-7.8895960738454995
5.100000000000003,5.849999999999993,-7.5983893364851625
5.150000000000004,5.849999999999993,-7.32736224003928
5.200000000000004,5.849999999999993,-7.074542265305556
5.2500000000000036,5.849999999999993,-6.838198717838101
5.300000000000004,5.849999999999993,-6.616807919341849
5.350000000000004,5.849999999999993,-6.409024024123649
5.400000000000004,5.849999999999993,-6.213654476462983
5.450000000000004,5.849999999999993,-6.029639304427717
5.5000000000000036,5.849999999999993,-5.856033592808602
5.550000000000004,5.849999999999993,-5.6919925977077686
5.600000000000004,5.849999999999993,-5.536759062671665
5.650000000000004,5.849999999999993,-5.389652375247732
5.700000000000005,5.849999999999993,-5.250059266941066
5.750000000000004,5.849999999999993,-5.117425811612728
5.800000000000004,5.849999999999993,-4.991250519723181
5.850000000000004,5.849999999999993,-4.871078360362997
5.900000000000004,5.849999999999993,-4.7564955712404196
5.950000000000005,5.849999999999993,-4.647125139925532
1.0,5.899999999999993,-3.518175829170035
1.05,5.899999999999993,-3.58065791985672
1.1,5.899999999999993,-3.6453801413901403
1.1500000000000001,5.899999999999993,-3.7124640475005055
1.2000000000000002,5.899999999999993,-3.782040060275169
1.2500000000000002,5.899999999999993,-3.8542482850858475
1.3000000000000003,5.899999999999993,-3.92923941595821
1.3500000000000003,5.899999999999993,-4.007175743150977
1.4000000000000004,5.899999999999993,-4.08823227646579
1.4500000000000004,5.899999999999993,-4.172597999857216
1.5000000000000004,5.899999999999993,-4.260477275308695
1.5500000000000005,5.899999999999993,-4.352091416750348
1.6000000000000005,5.899999999999993,-4.44768045809697
1.6500000000000006,5.899999999999993,-4.5475051433739075
1.7000000000000006,5.899999999999993,-4.651849171489041
1.7500000000000007,5.899999999999993,-4.761021733638769
1.8000000000000007,5.899999999999993,-4.875360387771441
1.8500000000000008,5.899999999999993,-4.9952343221748
1.9000000000000008,5.899999999999993,-5.1210480693484906
1.9500000000000008,5.899999999999993,-5.253245742163182
2.000000000000001,5.899999999999993,-5.392315877249557
2.0500000000000007,5.899999999999993,-5.538796986030664
2.100000000000001,5.899999999999993,-5.693283932320766
2.1500000000000012,5.899999999999993,-5.856435277570183
2.200000000000001,5.899999999999993,-6.028981761351652
2.250000000000001,5.899999999999993,-6.211736116383243
2.300000000000001,5.899999999999993,-6.405604455193464
2.3500000000000014,5.899999999999993,-6.611599510456703
2.4000000000000012,5.899999999999993,-6.830856064064036
2.450000000000001,5.899999999999993,-7.064648962001553
2.5000000000000013,5.899999999999993,-7.314414183515696
2.5500000000000016,5.899999999999993,-7.5817735133484
2.6000000000000014,5.899999999999993,-7.868563452686118
2.6500000000000012,5.899999999999993,-8.176869092143903
2.7000000000000015,5.899999999999993,-8.509063746740095
2.7500000000000018,5.899999999999993,-8.867855195772735
2.8000000000000016,5.899999999999993,-9.25633933839525
2.8500000000000014,5.899999999999993,-9.67806189474154
2.9000000000000017,5.899999999999993,-10.137088323335899
2.950000000000002,5.899999999999993,-10.638081163976288
3.0000000000000018,5.899999999999993,-11.186382165724334
3.0500000000000016,5.899999999999993,-11.788093164474997
3.100000000000002,5.899999999999993,-12.450143623195288
3.150000000000002,5.899999999999993,-13.180322191220114
3.200000000000002,5.899999999999993,-13.987231569068953
3.2500000000000018,5.899999999999993,-14.88009568241804
3.300000000000002,5.899999999999993,-15.868298863684384
3.3500000000000023,5.899999999999993,-16.960460036872632
3.400000000000002,5.899999999999993,-18.109595226159957
3.450000000000002,5.899999999999993,-19.14702416267944
3.500000000000002,5.899999999999993,-19.902928645105032
3.5500000000000025,5.899999999999993,-20.083000035425307
3.6000000000000023,5.899999999999993,-19.18567495003994
3.650000000000002,5.899999999999993,-16.4210039123795
3.7000000000000024,5.899999999999993,-10.810558507328789
3.7500000000000027,5.899999999999993,-2.123652347050278
3.8000000000000025,5.899999999999993,6.572205901519592
3.8500000000000023,5.899999999999993,9.0267302536849
3.9000000000000026,5.899999999999993,9.610991419162893
3.950000000000003,5.899999999999993,10.638240782162136
4.000000000000003,5.899999999999993,12.093024851538733
4.0500000000000025,5.899999999999993,13.962295099637732
4.100000000000003,5.899999999999993,16.28460503212724
4.150000000000003,5.899999999999993,19.205201280828483
4.200000000000003,5.899999999999993,22.960912504614967
4.250000000000003,5.899999999999993,27.748307059427177
4.3000000000000025,5.899999999999993,33.322257294706674
4.350000000000003,5.899999999999993,38.37021384009852
4.400000000000003,5.899999999999993,40.737516374127765
4.450000000000003,5.899999999999993,37.146683710886194
4.5000000000000036,5.899999999999993,24.493393883173564
4.550000000000003,5.899999999999993,11.415173207260128
4.600000000000003,5.899999999999993,1.9720793000756647
4.650000000000003,5.899999999999993,-3.82082290107246
4.700000000000003,5.899999999999993,-7.022724548778012
4.7500000000000036,5.899999999999993,-8.58411848644998
4.800000000000003,5.899999999999993,-9.151480570369653
4.850000000000003,5.899999999999993,-9.128943456964276
4.900000000000004,5.899999999999993,-8.793826621247428
4.950000000000004,5.899999999999993,-8.44058894704262
5.0000000000000036,5.899999999999993,-8.11337729154306
5.050000000000003,5.899999999999993,-7.809554812632507
5.100000000000003,5.899999999999993,-7.526809315814182
5.150000000000004,5.899999999999993,-7.263108402756915
5.200000000000004,5.899999999999993,-7.016661055523016
5.2500000000000036,5.899999999999993,-6.785884817834957
5.300000000000004,5.899999999999993,-6.569377786989101
5.350000000000004,5.899999999999993,-6.365894710244881
5.400000000000004,5.899999999999993,-6.174326567733131
5.450000000000004,5.899999999999993,-5.99368310979743
5.5000000000000036,5.899999999999993,-5.823077895317377
5.550000000000004,5.899999999999993,-5.6617154470907245
5.600000000000004,5.899999999999993,-5.508880200510778
5.650000000000004,5.899999999999993,-5.36392697311336
5.700000000000005,5.899999999999993,-5.226272725986135
5.750000000000004,5.899999999999993,-5.095389424543011
5.800000000000004,5.899999999999993,-4.970797836757981
5.850000000000004,5.899999999999993,-4.852062132534653
5.900000000000004,5.899999999999993,-4.738785169260979
5.950000000000005,5.899999999999993,-4.630604366455328
1.0,5.949999999999993,-3.509909458778238
1.05,5.949999999999993,-3.5719443536941626
1.1,5.949999999999993,-3.6361866996165446
1.1500000000000001,5.949999999999993,-3.7027550260031425
1.2000000000000002,5.949999999999993,-3.7717763904487898
1.2500000000000002,5.949999999999993,-3.8433871483847786
1.3000000000000003,5.949999999999993,-3.9177338062621287
1.3500000000000003,5.949999999999993,-3.994973968766517
1.4000000000000004,5.949999999999993,-4.07527739212657
1.4500000000000004,5.949999999999993,-4.158827157332404
1.5000000000000004,5.949999999999993,-4.245820979119418
1.5500000000000005,5.949999999999993,-4.336472668942726
1.6000000000000005,5.949999999999993,-4.431013772928315
1.6500000000000006,5.949999999999993,-4.529695409006821
1.7000000000000006,5.949999999999993,-4.632790331195571
1.7500000000000007,5.949999999999993,-4.740595253389582
1.8000000000000007,5.949999999999993,-4.853433470164121
1.8500000000000008,5.949999999999993,-4.971657818110781
1.9000000000000008,5.949999999999993,-5.095654028276794
1.9500000000000008,5.949999999999993,-5.225844528527338
2.000000000000001,5.949999999999993,-5.362692764299587
2.0500000000000007,5.949999999999993,-5.506708117483825
2.100000000000001,5.949999999999993,-5.658451516286453
2.1500000000000012,5.949999999999993,-5.818541844143347
2.200000000000001,5.949999999999993,-5.987663273285605
2.250000000000001,5.949999999999993,-6.166573668585258
2.300000000000001,5.949999999999993,-6.356114229879445
2.3500000000000014,5.949999999999993,-6.557220565912811
2.4000000000000012,5.949999999999993,-6.770935419766625
2.450000000000001,5.949999999999993,-6.998423292875482
2.5000000000000013,5.949999999999993,-7.240987240011756
2.5500000000000016,5.949999999999993,-7.500088126553254
2.6000000000000014,5.949999999999993,-7.777366644398071
2.6500000000000012,5.949999999999993,-8.07466836140726
2.7000000000000015,5.949999999999993,-8.39407201037934
2.7500000000000018,5.949999999999993,-8.737921073250131
2.8000000000000016,5.949999999999993,-9.108858429358985
2.8500000000000014,5.949999999999993,-9.509863324579811
2.9000000000000017,5.949999999999993,-9.944289039133377
2.950000000000002,5.949999999999993,-10.415898160865172
3.0000000000000018,5.949999999999993,-10.928889953480532
3.0500000000000016,5.949999999999993,-11.48791039591301
3.100000000000002,5.949999999999993,-12.098029224606762
3.150000000000002,5.949999999999993,-12.764658510982292
3.200000000000002,5.949999999999993,-13.493372266458284
3.2500000000000018,5.949999999999993,-14.289564237980718
3.300000000000002,5.949999999999993,-15.157849644615984
3.3500000000000023,5.949999999999993,-16.101076508879913
3.400000000000002,5.949999999999993,-17.10732331839689
3.450000000000002,5.949999999999993,-18.040034340261254
3.500000000000002,5.949999999999993,-18.76566113894372
3.5500000000000025,5.949999999999993,-19.111704012925294
3.6000000000000023,5.949999999999993,-18.834412743823734
3.650000000000002,5.949999999999993,-17.648048903202678
3.7000000000000024,5.949999999999993,-15.376529862064585
3.7500000000000027,5.949999999999993,-12.32882556133127
3.8000000000000025,5.949999999999993,-9.70686192009989
3.8500000000000023,5.949999999999993,-8.97157485438099
3.9000000000000026,5.949999999999993,-8.573871472752678
3.950000000000003,5.949999999999993,-7.865380683667446
4.000000000000003,5.949999999999993,-6.8812276664175425
4.0500000000000025,5.949999999999993,-5.583167191893862
4.100000000000003,5.949999999999993,-3.9672363908811477
4.150000000000003,5.949999999999993,-1.999193421391528
4.200000000000003,5.949999999999993,0.36034254738187954
4.250000000000003,5.949999999999993,3.0766590339008673
4.3000000000000025,5.949999999999993,5.906205082364604
4.350000000000003,5.949999999999993,8.306726800511651
4.400000000000003,5.949999999999993,9.643796543046648
4.450000000000003,5.949999999999993,9.055300191669936
4.5000000000000036,5.949999999999993,5.211623842234916
4.550000000000003,5.949999999999993,0.3588448576286911
4.600000000000003,5.949999999999993,-3.7747810174768306
4.650000000000003,5.949999999999993,-6.623728372798314
4.700000000000003,5.949999999999993,-8.288835047168586
4.7500000000000036,5.949999999999993,-9.066779555098062
4.800000000000003,5.949999999999993,-9.240809808364931
4.850000000000003,5.949999999999993,-9.026900529690785
4.900000000000004,5.949999999999993,-8.667073373812158
4.950000000000004,5.949999999999993,-8.32831472239031
5.0000000000000036,5.949999999999993,-8.013509985550414
5.050000000000003,5.949999999999993,-7.720371311602294
5.100000000000003,5.949999999999993,-7.446869023015866
5.150000000000004,5.949999999999993,-7.191200684508992
5.200000000000004,5.949999999999993,-6.9517634727831705
5.2500000000000036,5.949999999999993,-6.727129753378466
5.300000000000004,5.949999999999993,-6.5160256396855285
5.350000000000004,5.949999999999993,-6.3173122519649505
5.400000000000004,5.949999999999993,-6.129969379395966
5.450000000000004,5.949999999999993,-5.953081256814986
5.5000000000000036,5.949999999999993,-5.78582418848855
5.550000000000004,5.949999999999993,-5.627455777210669
5.600000000000004,5.949999999999993,-5.477305544296379
5.650000000000004,5.949999999999993,-5.334766752489487
5.700000000000005,5.949999999999993,-5.199289268299881
5.750000000000004,5.949999999999993,-5.0703733223523075
5.800000000000004,5.949999999999993,-4.947564045846292
5.850000000000004,5.949999999999993,-4.830446678280388
5.900000000000004,5.949999999999993,-4.718642356369596
5.950000000000005,5.949999999999993,-4.611804406814551
1.0,5.999999999999993,-3.5006281390561216
1.05,5.999999999999993,-3.5621635470004787
1.1,5.999999999999993,-3.625870150082825
1.1500000000000001,5.999999999999993,-3.691863150590793
1.2000000000000002,5.999999999999993,-3.760265908453364
1.2500000000000002,5.999999999999993,-3.8312106622856863
1.3000000000000003,5.999999999999993,-3.9048393265396886
1.3500000000000003,5.999999999999993,-3.9813043740373564
1.4000000000000004,5.999999999999993,-4.060769814431938
1.4500000000000004,5.999999999999993,-4.14341228059963
1.5000000000000004,5.999999999999993,-4.229422236639523
1.5500000000000005,5.999999999999993,-4.319005323086731
1.6000000000000005,5.999999999999993,-4.412383857161183
1.6500000000000006,5.999999999999993,-4.509798508426574
1.7000000000000006,5.999999999999993,-4.611510173170157
1.7500000000000007,5.999999999999993,-4.717802074189732
1.8000000000000007,5.999999999999993,-4.828982116550343
1.8500000000000008,5.999999999999993,-4.945385534315236
1.9000000000000008,5.999999999999993,-5.067377868331051
1.9500000000000008,5.999999999999993,-5.1953583209222645
2.000000000000001,5.999999999999993,-5.3297635398822525
2.0500000000000007,5.999999999999993,-5.47107189147649
2.100000000000001,5.999999999999993,-5.61980829029883
2.1500000000000012,5.999999999999993,-5.7765496626816235
2.200000000000001,5.999999999999993,-5.941931129783729
2.250000000000001,5.999999999999993,-6.116653006122904
2.300000000000001,5.999999999999993,-6.301488718560218
2.3500000000000014,5.999999999999993,-6.497293758533229
2.4000000000000012,5.999999999999993,-6.705015784953348
2.450000000000001,5.999999999999993,-6.925705993886386
2.5000000000000013,5.999999999999993,-7.160531859606317
2.5500000000000016,5.999999999999993,-7.41079132313377
2.6000000000000014,5.999999999999993,-7.677928448573276
2.6500000000000012,5.999999999999993,-7.963550468533471
2.7000000000000015,5.999999999999993,-8.269445973352873
2.7500000000000018,5.999999999999993,-8.597603727824865
2.8000000000000016,5.999999999999993,-8.950231167765905
2.8500000000000014,5.999999999999993,-9.32977095318413
2.9000000000000017,5.999999999999993,-9.738912910031413
2.950000000000002,5.999999999999993,-10.18059709495095
3.0000000000000018,5.999999999999993,-10.658001302626172
3.0500000000000016,5.999999999999993,-11.174502734378361
3.100000000000002,5.999999999999993,-11.73359827158658
3.150000000000002,5.999999999999993,-12.338760263551329
3.200000000000002,5.999999999999993,-12.993194387927733
3.2500000000000018,5.999999999999993,-13.699452797246254
3.300000000000002,5.999999999999993,-14.458840478024603
3.3500000000000023,5.999999999999993,-15.270539537209189
3.400000000000002,5.999999999999993,-16.130375113138033
3.450000000000002,5.999999999999993,-16.978674560814788
3.500000000000002,5.999999999999993,-17.68280572601675
3.5500000000000025,5.999999999999993,-18.145313877408483
3.6000000000000023,5.999999999999993,-18.252839059148627
3.650000000000002,5.999999999999993,-17.90872343053445
3.7000000000000024,5.999999999999993,-17.11035773265646
3.7500000000000027,5.999999999999993,-16.05895821838724
3.8000000000000025,5.999999999999993,-15.193193909339023
3.8500000000000023,5.999999999999993,-14.919734686428871
3.9000000000000026,5.999999999999993,-14.63715030358296
3.950000000000003,5.999999999999993,-14.126753986538922
4.000000000000003,5.999999999999993,-13.434231985489756
4.0500000000000025,5.999999999999993,-12.54030280946997
4.100000000000003,5.999999999999993,-11.424912287399867
4.150000000000003,5.999999999999993,-10.096321323645153
4.200000000000003,5.999999999999993,-8.57394743316253
4.250000000000003,5.999999999999993,-6.92177000644652
4.3000000000000025,5.999999999999993,-5.28527614284377
4.350000000000003,5.999999999999993,-3.8904957566260308
4.400000000000003,5.999999999999993,-2.9539790664107635
4.450000000000003,5.999999999999993,-2.758795689681447
4.5000000000000036,5.999999999999993,-3.8655042742573826
4.550000000000003,5.999999999999993,-5.584281594467463
4.600000000000003,5.999999999999993,-7.2290737802832545
4.650000000000003,5.999999999999993,-8.433162951991093
4.700000000000003,5.999999999999993,-9.114157614857712
4.7500000000000036,5.999999999999993,-9.337211252132812
4.800000000000003,5.999999999999993,-9.212397638959283
4.850000000000003,5.999999999999993,-8.87763436000786
4.900000000000004,5.999999999999993,-8.530088531586896
4.950000000000004,5.999999999999993,-8.20655256757233
5.0000000000000036,5.999999999999993,-7.904864183252689
5.050000000000003,5.999999999999993,-7.623076156899163
5.100000000000003,5.999999999999993,-7.359437665303555
5.150000000000004,5.999999999999993,-7.112375533428157
5.200000000000004,5.999999999999993,-6.880476243195797
5.2500000000000036,5.999999999999993,-6.662469152818407
5.300000000000004,5.999999999999993,-6.457211131679211
5.350000000000004,5.999999999999993,-6.263672665203313
5.400000000000004,5.999999999999993,-6.080925395393161
5.450000000000004,5.999999999999993,-5.908131013433532
5.5000000000000036,5.999999999999993,-5.744531396372227
5.550000000000004,5.999999999999993,-5.589439870846109
5.600000000000004,5.999999999999993,-5.44223348699391
5.650000000000004,5.999999999999993,-5.302346191130255
5.700000000000005,5.999999999999993,-5.169262793946822
5.750000000000004,5.999999999999993,-5.042513640395398
5.800000000000004,5.999999999999993,-4.92166989704513
5.850000000000004,5.999999999999993,-4.80633938203782
5.900000000000004,5.999999999999993,-4.696162871487296
5.950000000000005,5.999999999999993,-4.590810824137475
1.0,6.049999999999993,-3.490356535030652
1.05,6.049999999999993,-3.5513423780808417
1.1,6.049999999999993,-3.614459825076373
1.1500000000000001,6.049999999999993,-3.679820479067413
1.2000000000000002,6.049999999999993,-3.747543704526912
1.2500000000000002,6.049999999999993,-3.81775729707646
1.3000000000000003,6.049999999999993,-3.8905982216631116
1.3500000000000003,6.049999999999993,-3.9662134271709926
1.4000000000000004,6.049999999999993,-4.044760746476063
1.4500000000000004,6.049999999999993,-4.126409892114935
1.5000000000000004,6.049999999999993,-4.211343559056875
1.5500000000000005,6.049999999999993,-4.2997586475616405
1.6000000000000005,6.049999999999993,-4.391867620794996
1.6500000000000006,6.049999999999993,-4.487900013780556
1.7000000000000006,6.049999999999993,-4.588104112412198
1.7500000000000007,6.049999999999993,-4.692748823655935
1.8000000000000007,6.049999999999993,-4.802125760749976
1.8500000000000008,6.049999999999993,-4.916551570175911
1.9000000000000008,6.049999999999993,-5.03637053041873
1.9500000000000008,6.049999999999993,-5.161957456034738
2.000000000000001,6.049999999999993,-5.293720944247493
2.0500000000000007,6.049999999999993,-5.4321070050861096
2.100000000000001,6.049999999999993,-5.577603119785014
2.1500000000000012,6.049999999999993,-5.730742775483612
2.200000000000001,6.049999999999993,-5.892110526733566
2.250000000000001,6.049999999999993,-6.0623476352265495
2.300000000000001,6.049999999999993,-6.242158337416075
2.3500000000000014,6.049999999999993,-6.432316783705305
2.4000000000000012,6.049999999999993,-6.6336746802049475
2.450000000000001,6.049999999999993,-6.847169641180431
2.5000000000000013,6.049999999999993,-7.073834221985243
2.5500000000000016,6.049999999999993,-7.314805540871441
2.6000000000000014,6.049999999999993,-7.571335302423168
2.6500000000000012,6.049999999999993,-7.844799889261676
2.7000000000000015,6.049999999999993,-8.136709968672593
2.7500000000000018,6.049999999999993,-8.44871873321016
2.8000000000000016,6.049999999999993,-8.782627411135719
2.8500000000000014,6.049999999999993,-9.140385976230029
2.9000000000000017,6.049999999999993,-9.524085963876642
2.950000000000002,6.049999999999993,-9.935940836325562
3.0000000000000018,6.049999999999993,-10.37824727457641
3.0500000000000016,6.049999999999993,-10.853317918198426
3.100000000000002,6.049999999999993,-11.363372238735607
3.150000000000002,6.049999999999993,-11.91036730819496
3.200000000000002,6.049999999999993,-12.495744361741867
3.2500000000000018,6.049999999999993,-13.120061021650782
3.300000000000002,6.049999999999993,-13.782474883321443
3.3500000000000023,6.049999999999993,-14.480046199066681
3.400000000000002,6.049999999999993,-15.206843597645241
3.450000000000002,6.049999999999993,-15.951204597662953
3.500000000000002,6.049999999999993,-16.62461214731738
3.5500000000000025,6.049999999999993,-17.142254364901305
3.6000000000000023,6.049999999999993,-17.449445991010517
3.650000000000002,6.049999999999993,-17.511345594781428
3.7000000000000024,6.049999999999993,-17.34428545198086
3.7500000000000027,6.049999999999993,-17.043540448166986
3.8000000000000025,6.049999999999993,-16.7710995901677
3.8500000000000023,6.049999999999993,-16.654742346090163
3.9000000000000026,6.049999999999993,-16.44692091588504
3.950000000000003,6.049999999999993,-16.067758534064488
4.000000000000003,6.049999999999993,-15.5463506646616
4.0500000000000025,6.049999999999993,-14.914335110702375
4.100000000000003,6.049999999999993,-14.143437538964953
4.150000000000003,6.049999999999993,-13.233789492541858
4.200000000000003,6.049999999999993,-12.214510480376989
4.250000000000003,6.049999999999993,-11.136121911680789
4.3000000000000025,6.049999999999993,-10.078573852615099
4.350000000000003,6.049999999999993,-9.141960739960114
4.400000000000003,6.049999999999993,-8.410680460028797
4.450000000000003,6.049999999999993,-7.9931960487889135
4.5000000000000036,6.049999999999993,-8.130536579072015
4.550000000000003,6.049999999999993,-8.582864196100306
4.600000000000003,6.049999999999993,-9.071745172787324
4.650000000000003,6.049999999999993,-9.40683564994852
4.700000000000003,6.049999999999993,-9.508828900593194
4.7500000000000036,6.049999999999993,-9.377340343395277
4.800000000000003,6.049999999999993,-9.066645377275323
4.850000000000003,6.049999999999993,-8.714002197277061
4.900000000000004,6.049999999999993,-8.384624782346245
4.950000000000004,6.049999999999993,-8.076775067791742
5.0000000000000036,6.049999999999993,-7.788681679846167
5.050000000000003,6.049999999999993,-7.518720483758189
5.100000000000003,6.049999999999993,-7.265408388164331
5.150000000000004,6.049999999999993,-7.027394740328995
5.200000000000004,6.049999999999993,-6.803451564395708
5.2500000000000036,6.049999999999993,-6.5924634474081865
5.300000000000004,6.049999999999993,-6.393417575098396
5.350000000000004,6.049999999999993,-6.205394216537618
5.400000000000004,6.049999999999993,-6.027557822346438
5.450000000000004,6.049999999999993,-5.859148813470795
5.5000000000000036,6.049999999999993,-5.6994760815032155
5.550000000000004,6.049999999999993,-5.547910186814406
5.600000000000004,6.049999999999993,-5.403877220274007
5.650000000000004,6.049999999999993,-5.266853283245658
5.700000000000005,6.049999999999993,-5.136359535555242
5.750000000000004,6.049999999999993,-5.011957760029895
5.800000000000004,6.049999999999993,-4.893246393496084
5.850000000000004,6.049999999999993,-4.779856976812022
5.900000000000004,6.049999999999993,-4.671450979936917
5.950000000000005,6.049999999999993,-4.567716961781617
1.0,6.0999999999999925,-3.4791215357465033
1.05,6.0999999999999925,-3.5395101243289147
1.1,6.0999999999999925,-3.601987646850673
1.1500000000000001,6.0999999999999925,-3.6666618674168316
1.2000000000000002,6.0999999999999925,-3.7336478943057467
1.2500000000000002,6.0999999999999925,-3.8030687964800935
1.3000000000000003,6.0999999999999925,-3.875056280757367
1.3500000000000003,6.0999999999999925,-3.94975143633671
1.4000000000000004,6.0999999999999925,-4.0273055541671345
1.4500000000000004,6.0999999999999925,-4.107881029520854
1.5000000000000004,6.0999999999999925,-4.1916523571118445
1.5500000000000005,6.0999999999999925,-4.278807229180575
1.6000000000000005,6.0999999999999925,-4.3695477481560525
1.6500000000000006,6.0999999999999925,-4.464091766807773
1.7000000000000006,6.0999999999999925,-4.562674370210495
1.7500000000000007,6.0999999999999925,-4.665549515353714
1.8000000000000007,6.0999999999999925,-4.772991845814719
1.8500000000000008,6.0999999999999925,-4.885298700542009
1.9000000000000008,6.0999999999999925,-5.0027923374038945
1.9500000000000008,6.0999999999999925,-5.12582239365048
2.000000000000001,6.0999999999999925,-5.2547686066718535
2.0500000000000007,6.0999999999999925,-5.390043819196939
2.100000000000001,6.0999999999999925,-5.532097293052257
2.1500000000000012,6.0999999999999925,-5.681418354331886
2.200000000000001,6.0999999999999925,-5.838540389663494
2.250000000000001,6.0999999999999925,-6.004045207251059
2.300000000000001,6.0999999999999925,-6.178567766194961
2.3500000000000014,6.0999999999999925,-6.362801261334559
2.4000000000000012,6.0999999999999925,-6.5575025258389985
2.450000000000001,6.0999999999999925,-6.763497676195822
2.5000000000000013,6.0999999999999925,-6.9816878687801385
2.5500000000000016,6.0999999999999925,-7.213054956356655
2.6000000000000014,6.0999999999999925,-7.458666716252172
2.6500000000000012,6.0999999999999925,-7.719681155097467
2.7000000000000015,6.0999999999999925,-7.99734915813786
2.7500000000000018,6.0999999999999925,-8.293014417228884
2.8000000000000016,6.0999999999999925,-8.6081091048631
2.8500000000000014,6.0999999999999925,-8.944143115265653
2.9000000000000017,6.0999999999999925,-9.302683809540557
2.950000000000002,6.0999999999999925,-9.685322012183805
3.0000000000000018,6.0999999999999925,-10.09361844158092
3.0500000000000016,6.0999999999999925,-10.529022767126657
3.100000000000002,6.0999999999999925,-10.992755083855812
3.150000000000002,6.0999999999999925,-11.485636945727258
3.200000000000002,6.0999999999999925,-12.007856669176215
3.2500000000000018,6.0999999999999925,-12.558652432843733
3.300000000000002,6.0999999999999925,-13.135898696743523
3.3500000000000023,6.0999999999999925,-13.735589911057493
3.400000000000002,6.0999999999999925,-14.351235195083401
3.450000000000002,6.0999999999999925,-14.9732144179476
3.500000000000002,6.0999999999999925,-15.585051842969204
3.5500000000000025,6.0999999999999925,-16.110334018106958
3.6000000000000023,6.0999999999999925,-16.50043303691731
3.650000000000002,6.0999999999999925,-16.738813474007266
3.7000000000000024,6.0999999999999925,-16.833781003908257
3.7500000000000027,6.0999999999999925,-16.82461762206682
3.8000000000000025,6.0999999999999925,-16.771432932383746
3.8500000000000023,6.0999999999999925,-16.71748519893085
3.9000000000000026,6.0999999999999925,-16.56027427621674
3.950000000000003,6.0999999999999925,-16.271266913902675
4.000000000000003,6.0999999999999925,-15.86924854821455
4.0500000000000025,6.0999999999999925,-15.377733782622126
4.100000000000003,6.0999999999999925,-14.820867955228042
4.150000000000003,6.0999999999999925,-14.185162650396121
4.200000000000003,6.0999999999999925,-13.47549907637851
4.250000000000003,6.0999999999999925,-12.72615087482162
4.3000000000000025,6.0999999999999925,-11.981373653826884
4.350000000000003,6.0999999999999925,-11.28916953371041
4.400000000000003,6.0999999999999925,-10.687031559445668
4.450000000000003,6.0999999999999925,-10.221804639787695
4.5000000000000036,6.0999999999999925,-9.995700111838035
4.550000000000003,6.0999999999999925,-9.91800147097943
4.600000000000003,6.0999999999999925,-9.872165334607615
4.650000000000003,6.0999999999999925,-9.765852421134992
4.700000000000003,6.0999999999999925,-9.549403674576824
4.7500000000000036,6.0999999999999925,-9.228084940173764
4.800000000000003,6.0999999999999925,-8.875186536193311
4.850000000000003,6.0999999999999925,-8.543464328008731
4.900000000000004,6.0999999999999925,-8.232374051283761
4.950000000000004,6.0999999999999925,-7.940420092304112
5.0000000000000036,6.0999999999999925,-7.666187357544927
5.050000000000003,6.0999999999999925,-7.408350533186969
5.100000000000003,6.0999999999999925,-7.1656774096819245
5.150000000000004,6.0999999999999925,-6.93702830407374
5.200000000000004,6.0999999999999925,-6.721353006671798
5.2500000000000036,6.0999999999999925,-6.51768624184567
5.300000000000004,6.0999999999999925,-6.325142320782204
5.350000000000004,6.0999999999999925,-6.142909443058581
5.400000000000004,6.0999999999999925,-5.970243948483018
5.450000000000004,6.0999999999999925,-5.806464712205713
5.5000000000000036,6.0999999999999925,-5.650947801070522
5.550000000000004,6.0999999999999925,-5.50312145780845
5.600000000000004,6.0999999999999925,-5.362461444979237
5.650000000000004,6.0999999999999925,-5.228486757563243
5.700000000000005,6.0999999999999925,-5.100755698251476
5.750000000000004,6.0999999999999925,-4.978862300267899
5.800000000000004,6.0999999999999925,-4.862433077213798
5.850000000000004,6.0999999999999925,-4.751124076701924
5.900000000000004,6.0999999999999925,-4.644618213573715
5.950000000000005,6.0999999999999925,-4.5426228586563075
1.0,6.149999999999992,-3.4669520668136586
1.05,6.149999999999992,-3.526698251622972
1.1,6.149999999999992,-3.5884878905862116
1.1500000000000001,6.149999999999992,-3.6524247025190664
1.2000000000000002,6.149999999999992,-3.718619316867601
1.2500000000000002,6.149999999999992,-3.7871898358648988
1.3000000000000003,6.149999999999992,-3.8582624495526954
1.3500000000000003,6.149999999999992,-3.931972109109618
1.4000000000000004,6.149999999999992,-4.0084632644924865
1.4500000000000004,6.149999999999992,-4.0878906730091416
1.5000000000000004,6.149999999999992,-4.170420286098841
1.5500000000000005,6.149999999999992,-4.256230222295113
1.6000000000000005,6.149999999999992,-4.3455118350778115
1.6500000000000006,6.149999999999992,-4.43847088507166
1.7000000000000006,6.149999999999992,-4.5353288267957685
1.7500000000000007,6.149999999999992,-4.636324220878298
1.8000000000000007,6.149999999999992,-4.7417142832730335
1.8500000000000008,6.149999999999992,-4.8517765834779
1.9000000000000008,6.149999999999992,-4.966810903956304
1.9500000000000008,6.149999999999992,-5.087141272755247
2.000000000000001,6.149999999999992,-5.213118180495323
2.0500000000000007,6.149999999999992,-5.3451209911923145
2.100000000000001,6.149999999999992,-5.483560553363297
2.1500000000000012,6.149999999999992,-5.628882013025537
2.200000000000001,6.149999999999992,-5.781567822760996
2.250000000000001,6.149999999999992,-5.942140929956871
2.300000000000001,6.149999999999992,-6.111168111222729
2.3500000000000014,6.149999999999992,-6.28926339688379
2.4000000000000012,6.149999999999992,-6.477091496706466
2.450000000000001,6.149999999999992,-6.675371092024259
2.5000000000000013,6.149999999999992,-6.884877795326446
2.5500000000000016,6.149999999999992,-7.106446489599389
2.6000000000000014,6.149999999999992,-7.340972637540264
2.6500000000000012,6.149999999999992,-7.589411983694009
2.7000000000000015,6.149999999999992,-7.852777845688582
2.7500000000000018,6.149999999999992,-8.132134885194226
2.8000000000000016,6.149999999999992,-8.42858784197218
2.8500000000000014,6.149999999999992,-8.74326317886405
2.9000000000000017,6.149999999999992,-9.07728089427486
2.950000000000002,6.149999999999992,-9.431712889218629
3.0000000000000018,6.149999999999992,-9.807523223677387
3.0500000000000016,6.149999999999992,-10.20548439871888
3.100000000000002,6.149999999999992,-10.626062576368918
3.150000000000002,6.149999999999992,-11.069263669043925
3.200000000000002,6.149999999999992,-11.534432016214936
3.2500000000000018,6.149999999999992,-12.019994823325998
3.300000000000002,6.149999999999992,-12.523150090262014
3.3500000000000023,6.149999999999992,-13.039505391106896
3.400000000000002,6.149999999999992,-13.562691891196582
3.450000000000002,6.149999999999992,-14.084004150865502
3.500000000000002,6.149999999999992,-14.592150821813743
3.5500000000000025,6.149999999999992,-15.073081899155465
3.6000000000000023,6.149999999999992,-15.480899795319008
3.650000000000002,6.149999999999992,-15.78184610315731
3.7000000000000024,6.149999999999992,-15.976433609222974
3.7500000000000027,6.149999999999992,-16.078148188281098
3.8000000000000025,6.149999999999992,-16.108302850892546
3.8500000000000023,6.149999999999992,-16.081974150684882
3.9000000000000026,6.149999999999992,-15.96021910814106
3.950000000000003,6.149999999999992,-15.735081220902627
4.000000000000003,6.149999999999992,-15.419094919138303
4.0500000000000025,6.149999999999992,-15.02834488091253
4.100000000000003,6.149999999999992,-14.580440363901161
4.150000000000003,6.149999999999992,-14.092713246930371
4.200000000000003,6.149999999999992,-13.57659620368761
4.250000000000003,6.149999999999992,-13.028258758651933
4.3000000000000025,6.149999999999992,-12.469780053686327
4.350000000000003,6.149999999999992,-11.926335076274182
4.400000000000003,6.149999999999992,-11.41701089798749
4.450000000000003,6.149999999999992,-10.964236870554272
4.5000000000000036,6.149999999999992,-10.607211263883963
4.550000000000003,6.149999999999992,-10.310106996348361
4.600000000000003,6.149999999999992,-10.023475561423826
4.650000000000003,6.149999999999992,-9.706730674664083
4.700000000000003,6.149999999999992,-9.359144926483797
4.7500000000000036,6.149999999999992,-9.008877397444486
4.800000000000003,6.149999999999992,-8.678816178845333
4.850000000000003,6.149999999999992,-8.36787562677623
4.900000000000004,6.149999999999992,-8.074931609555412
4.950000000000004,6.149999999999992,-7.7988601145615455
5.0000000000000036,6.149999999999992,-7.538563210723227
5.050000000000003,6.149999999999992,-7.292985790817452
5.100000000000003,6.149999999999992,-7.0611256850759885
5.150000000000004,6.149999999999992,-6.8420390795431825
5.200000000000004,6.149999999999992,-6.634842664994608
5.2500000000000036,6.149999999999992,-6.43871355733973
5.300000000000004,6.149999999999992,-6.252887742328638
5.350000000000004,6.149999999999992,-6.076657583844747
5.400000000000004,6.149999999999992,-5.909368778050814
5.450000000000004,6.149999999999992,-5.750417020987523
5.5000000000000036,6.149999999999992,-5.599244574005111
5.550000000000004,6.149999999999992,-5.455336851390227
5.600000000000004,6.149999999999992,-5.318219111554927
5.650000000000004,6.149999999999992,-5.187453302593443
5.700000000000005,6.149999999999992,-5.062635091495991
5.750000000000004,6.149999999999992,-4.943391091344872
5.800000000000004,6.149999999999992,-4.8293762905807665
5.850000000000004,6.149999999999992,-4.720271681582404
5.900000000000004,6.149999999999992,-4.6157820813783115
5.950000000000005,6.149999999999992,-4.515634134599092
1.0,6.199999999999992,-3.4538788939774445
1.05,6.199999999999992,-3.5129401940568004
1.1,6.199999999999992,-3.573996936972716
1.1500000000000001,6.199999999999992,-3.6371486237583914
1.2000000000000002,6.199999999999992,-3.7025012209351553
1.2500000000000002,6.199999999999992,-3.7701676679027556
1.3000000000000003,6.199999999999992,-3.840268429520913
1.3500000000000003,6.199999999999992,-3.9129320981229436
1.4000000000000004,6.199999999999992,-3.9882960495610016
1.4500000000000004,6.199999999999992,-4.066507158250369
1.5000000000000004,6.199999999999992,-4.147722576548176
1.5500000000000005,6.199999999999992,-4.232110584156859
1.6000000000000005,6.199999999999992,-4.319851513565748
1.6500000000000006,6.199999999999992,-4.4111387578084225
1.7000000000000006,6.199999999999992,-4.506179866981922
1.7500000000000007,6.199999999999992,-4.60519773999467
1.8000000000000007,6.199999999999992,-4.708431917812642
1.8500000000000008,6.199999999999992,-4.816139983961358
1.9000000000000008,6.199999999999992,-4.928599077083973
1.9500000000000008,6.199999999999992,-5.046107518775965
2.000000000000001,6.199999999999992,-5.168986557476201
2.0500000000000007,6.199999999999992,-5.297582225571366
2.100000000000001,6.199999999999992,-5.432267301634973
2.1500000000000012,6.199999999999992,-5.57344336229642
2.200000000000001,6.199999999999992,-5.721542897848781
2.250000000000001,6.199999999999992,-5.877031451328172
2.300000000000001,6.199999999999992,-6.04040972106663
2.3500000000000014,6.199999999999992,-6.212215539825493
2.4000000000000012,6.199999999999992,-6.39302560717268
2.450000000000001,6.199999999999992,-6.583456802651643
2.5000000000000013,6.199999999999992,-6.784166841443411
2.5500000000000016,6.199999999999992,-6.995853946431188
2.6000000000000014,6.199999999999992,-7.219255094239978
2.6500000000000012,6.199999999999992,-7.4551422397714315
2.7000000000000015,6.199999999999992,-7.704315724189771
2.7500000000000018,6.199999999999992,-7.967593814068435
2.8000000000000016,6.199999999999992,-8.24579699280035
2.8500000000000014,6.199999999999992,-8.539725219223
2.9000000000000017,6.199999999999992,-8.850125878005635
2.950000000000002,6.199999999999992,-9.177649579734616
3.0000000000000018,6.199999999999992,-9.5227903590614
3.0500000000000016,6.199999999999992,-9.885806245283659
3.100000000000002,6.199999999999992,-10.266615795483355
3.150000000000002,6.199999999999992,-10.664666257685713
3.200000000000002,6.199999999999992,-11.078770010701662
3.2500000000000018,6.199999999999992,-11.506908462759839
3.300000000000002,6.199999999999992,-11.94600755643906
3.3500000000000023,6.199999999999992,-12.391697409800553
3.400000000000002,6.199999999999992,-12.838081191646921
3.450000000000002,6.199999999999992,-13.277554938837088
3.500000000000002,6.199999999999992,-13.700738500669347
3.5500000000000025,6.199999999999992,-14.096592619750181
3.6000000000000023,6.199999999999992,-14.45279879243923
3.650000000000002,6.199999999999992,-14.755388924425416
3.7000000000000024,6.199999999999992,-14.977998789353798
3.7500000000000027,6.199999999999992,-15.116188371768883
3.8000000000000025,6.199999999999992,-15.176171453158902
3.8500000000000023,6.199999999999992,-15.163049291639146
3.9000000000000026,6.199999999999992,-15.066859272057025
3.950000000000003,6.199999999999992,-14.888175614657783
4.000000000000003,6.199999999999992,-14.635604653544153
4.0500000000000025,6.199999999999992,-14.320409931354819
4.100000000000003,6.199999999999992,-13.955248010891117
4.150000000000003,6.199999999999992,-13.552975529409453
4.200000000000003,6.199999999999992,-13.125700285410385
4.250000000000003,6.199999999999992,-12.684150687530366
4.3000000000000025,6.199999999999992,-12.237353907848153
4.350000000000003,6.199999999999992,-11.792562392799365
4.400000000000003,6.199999999999992,-11.355290945478714
4.450000000000003,6.199999999999992,-10.93570637488254
4.5000000000000036,6.199999999999992,-10.545017909546262
4.550000000000003,6.199999999999992,-10.174661571597122
4.600000000000003,6.199999999999992,-9.81139450296685
4.650000000000003,6.199999999999992,-9.452336297056288
4.700000000000003,6.199999999999992,-9.110748452051917
4.7500000000000036,6.199999999999992,-8.786694898823555
4.800000000000003,6.199999999999992,-8.479644623234199
4.850000000000003,6.199999999999992,-8.188923429618352
4.900000000000004,6.199999999999992,-7.913770317092142
4.950000000000004,6.199999999999992,-7.6533789929435505
5.0000000000000036,6.199999999999992,-7.406927852294248
5.050000000000003,6.199999999999992,-7.173601147776186
5.100000000000003,6.199999999999992,-6.952603519975593
5.150000000000004,6.199999999999992,-6.743169585748214
5.200000000000004,6.199999999999992,-6.544569891897792
5.2500000000000036,6.199999999999992,-6.356114229879431
5.300000000000004,6.199999999999992,-6.177153062417285
5.350000000000004,6.199999999999992,-6.0070776235211385
5.400000000000004,6.199999999999992,-5.845319108409842
5.450000000000004,6.199999999999992,-5.691347259823103
5.5000000000000036,6.199999999999992,-5.544668574280594
5.550000000000004,6.199999999999992,-5.40482428972415
5.600000000000004,6.199999999999992,-5.271388269689235
5.650000000000004,6.199999999999992,-5.143964864841635
5.700000000000005,6.199999999999992,-5.022186807423374
5.750000000000004,6.199999999999992,-4.905713175620797
5.800000000000004,6.199999999999992,-4.794227451386805
5.850000000000004,6.199999999999992,-4.687435685527754
5.900000000000004,6.199999999999992,-4.585064776932245
5.950000000000005,6.199999999999992,-4.486860867946951
1.0,6.249999999999992,-3.4399344201742412
1.05,6.249999999999992,-3.4982711268452373
1.1,6.249999999999992,-3.5585530176927858
1.1500000000000001,6.249999999999992,-3.6208752373187068
1.2000000000000002,6.249999999999992,-3.6853389436402635
1.2500000000000002,6.249999999999992,-3.7520517607863506
1.3000000000000003,6.249999999999992,-3.821128269743193
1.3500000000000003,6.249999999999992,-3.8926905398630756
1.4000000000000004,6.249999999999992,-3.9668687045229727
1.4500000000000004,6.249999999999992,-4.043801584369947
1.5000000000000004,6.249999999999992,-4.123637361702319
1.5500000000000005,6.249999999999992,-4.206534309589772
1.6000000000000005,6.249999999999992,-4.292661579305227
1.6500000000000006,6.249999999999992,-4.382200049490422
1.7000000000000006,6.249999999999992,-4.475343240158191
1.7500000000000007,6.249999999999992,-4.572298294084074
1.8000000000000007,6.249999999999992,-4.673287027274277
1.8500000000000008,6.249999999999992,-4.778547048905926
1.9000000000000008,6.249999999999992,-4.88833294927306
1.9500000000000008,6.249999999999992,-5.002917551646981
2.000000000000001,6.249999999999992,-5.122593220321131
2.0500000000000007,6.249999999999992,-5.247673212130103
2.100000000000001,6.249999999999992,-5.378493051980016
2.1500000000000012,6.249999999999992,-5.515411903843481
2.200000000000001,6.249999999999992,-5.658813896528773
2.250000000000001,6.249999999999992,-5.809109347386883
2.300000000000001,6.249999999999992,-5.966735805756541
2.3500000000000014,6.249999999999992,-6.132158809808951
2.4000000000000012,6.249999999999992,-6.305872213560676
2.450000000000001,6.249999999999992,-6.488397892685121
2.5000000000000013,6.249999999999992,-6.680284575282055
2.5500000000000016,6.249999999999992,-6.882105463208566
2.6000000000000014,6.249999999999992,-7.094454206503382
2.6500000000000012,6.249999999999992,-7.317938662844274
2.7000000000000015,6.249999999999992,-7.553171710609106
2.7500000000000018,6.249999999999992,-7.800758183172195
2.8000000000000016,6.249999999999992,-8.061276750608116
2.8500000000000014,6.249999999999992,-8.335255294333395
2.9000000000000017,6.249999999999992,-8.623138010123455
2.950000000000002,6.249999999999992,-8.925242160054783
3.0000000000000018,6.249999999999992,-9.241702123692985
3.0500000000000016,6.249999999999992,-9.57239826150952
3.100000000000002,6.249999999999992,-9.916868244213275
3.150000000000002,6.249999999999992,-10.27419914274893
3.200000000000002,6.249999999999992,-10.64290003057273
3.2500000000000018,6.249999999999992,-11.0207575281936
3.300000000000002,6.249999999999992,-11.404681067712225
3.3500000000000023,6.249999999999992,-11.790551027913175
3.400000000000002,6.249999999999992,-12.173091284001831
3.450000000000002,6.249999999999992,-12.545797338647427
3.500000000000002,6.249999999999992,-12.900959947120487
3.5500000000000025,6.249999999999992,-13.22982821481246
3.6000000000000023,6.249999999999992,-13.522950274023245
3.650000000000002,6.249999999999992,-13.770708642761068
3.7000000000000024,6.249999999999992,-13.964029188520295
3.7500000000000027,6.249999999999992,-14.095192233840223
3.8000000000000025,6.249999999999992,-14.158625867154297
3.8500000000000023,6.249999999999992,-14.151535364964293
3.9000000000000026,6.249999999999992,-14.07423640173141
3.950000000000003,6.249999999999992,-13.930116833327212
4.000000000000003,6.249999999999992,-13.725235851504012
4.0500000000000025,6.249999999999992,-13.467650097214392
4.100000000000003,6.249999999999992,-13.166605449408522
4.150000000000003,6.249999999999992,-12.83173811951973
4.200000000000003,6.249999999999992,-12.472396392562539
4.250000000000003,6.249999999999992,-12.097143974022416
4.3000000000000025,6.249999999999992,-11.713457119293027
4.350000000000003,6.249999999999992,-11.32759285623597
4.400000000000003,6.249999999999992,-10.944587953930341
4.450000000000003,6.249999999999992,-10.568344859086146
4.5000000000000036,6.249999999999992,-10.201766209203395
4.550000000000003,6.249999999999992,-9.846908700652689
4.600000000000003,6.249999999999992,-9.505136585474014
4.650000000000003,6.249999999999992,-9.177263090870934
4.700000000000003,6.249999999999992,-8.863674006860782
4.7500000000000036,6.249999999999992,-8.564431667130592
4.800000000000003,6.249999999999992,-8.279359946495607
4.850000000000003,6.249999999999992,-8.008112162184046
4.900000000000004,6.249999999999992,-7.750224285048345
4.950000000000004,6.249999999999992,-7.505155936867807
5.0000000000000036,6.249999999999992,-7.272321476490257
5.050000000000003,6.249999999999992,-7.051113192818708
5.100000000000003,6.249999999999992,-6.840918305731197
5.150000000000004,6.249999999999992,-6.641131170442632
5.200000000000004,6.249999999999992,-6.45116180757837
5.2500000000000036,6.249999999999992,-6.2704416479505545
5.300000000000004,6.249999999999992,-6.098427187925374
5.350000000000004,6.249999999999992,-5.934602094868446
5.400000000000004,6.249999999999992,-5.778478177487166
5.450000000000004,6.249999999999992,-5.629595537705404
5.5000000000000036,6.249999999999992,-5.487522144100013
5.550000000000004,6.249999999999992,-5.351853007602616
5.600000000000004,6.249999999999992,-5.22220909450766
5.650000000000004,6.249999999999992,-5.098236076867142
5.700000000000005,6.249999999999992,-4.979602993712576
5.750000000000004,6.249999999999992,-4.866000876337248
5.800000000000004,6.249999999999992,-4.757141375613924
5.850000000000004,6.249999999999992,-4.652755417859333
5.900000000000004,6.249999999999992,-4.552591907191173
5.950000000000005,6.249999999999992,-4.45641648596567
1.0,6.299999999999992,-3.425152478509247
1.05,6.299999999999992,-3.482727735201946
1.1,6.299999999999992,-3.5421959570243926
1.1500000000000001,6.299999999999992,-3.6036478268723937
1.2000000000000002,6.299999999999992,-3.667179586124694
1.2500000000000002,6.299999999999992,-3.732893433946068
1.3000000000000003,6.299999999999992,-3.8008979572267956
1.3500000000000003,6.299999999999992,-3.8713085932335773
1.4000000000000004,6.299999999999992,-3.9442481270577785
1.4500000000000004,6.299999999999992,-4.019847225907933
1.5000000000000004,6.299999999999992,-4.098245012186224
1.5500000000000005,6.299999999999992,-4.179589677088177
1.6000000000000005,6.299999999999992,-4.26403913613936
1.6500000000000006,6.299999999999992,-4.351761727590777
1.7000000000000006,6.299999999999992,-4.442936953882076
1.7500000000000007,6.299999999999992,-4.537756265379082
1.8000000000000007,6.299999999999992,-4.6364238842096475
1.8500000000000008,6.299999999999992,-4.739157664143615
1.9000000000000008,6.299999999999992,-4.846189979939865
1.9500000000000008,6.299999999999992,-4.957768636224445
2.000000000000001,6.299999999999992,-5.074157781523678
2.0500000000000007,6.299999999999992,-5.1956388072409165
2.100000000000001,6.299999999999992,-5.322511203735551
2.1500000000000012,6.299999999999992,-5.45509333572984
2.200000000000001,6.299999999999992,-5.593723086390541
2.250000000000001,6.299999999999992,-5.738758302800465
2.300000000000001,6.299999999999992,-5.890576954142221
2.3500000000000014,6.299999999999992,-6.049576886518025
2.4000000000000012,6.299999999999992,-6.216175023409104
2.450000000000001,6.299999999999992,-6.390805816522267
2.5000000000000013,6.299999999999992,-6.573918696066569
2.5500000000000016,6.299999999999992,-6.765974199981727
2.6000000000000014,6.299999999999992,-6.967438375809293
2.6500000000000012,6.299999999999992,-7.178774944415104
2.7000000000000015,6.299999999999992,-7.400434589961176
2.7500000000000018,6.299999999999992,-7.63284059526894
2.8000000000000016,6.299999999999992,-7.876369878921224
2.8500000000000014,6.299999999999992,-8.131328318352201
2.9000000000000017,6.299999999999992,-8.39791907879144
2.950000000000002,6.299999999999992,-8.67620254199902
3.0000000000000018,6.299999999999992,-8.966046392326263
3.0500000000000016,6.299999999999992,-9.267064550240823
3.100000000000002,6.299999999999992,-9.578544061302747
3.150000000000002,6.299999999999992,-9.899359910263433
3.200000000000002,6.299999999999992,-10.227879233135631
3.2500000000000018,6.299999999999992,-10.561858758686801
3.300000000000002,6.299999999999992,-10.89834269733638
3.3500000000000023,6.299999999999992,-11.233572730558617
3.400000000000002,6.299999999999992,-11.56292693282468
3.450000000000002,6.299999999999992,-11.880909530414689
3.500000000000002,6.299999999999992,-12.181216778783895
3.5500000000000025,6.299999999999992,-12.45690359252443
3.6000000000000023,6.299999999999992,-12.70066823529719
3.650000000000002,6.299999999999992,-12.905256429031574
3.7000000000000024,6.299999999999992,-13.063962016725839
3.7500000000000027,6.299999999999992,-13.171172937248159
3.8000000000000025,6.299999999999992,-13.222886896316272
3.8500000000000023,6.299999999999992,-13.217110802755583
3.9000000000000026,6.299999999999992,-13.154069317249489
3.950000000000003,6.299999999999992,-13.036181027594607
4.000000000000003,6.299999999999992,-12.867807072557877
4.0500000000000025,6.299999999999992,-12.654821784987968
4.100000000000003,6.299999999999992,-12.40408413655702
4.150000000000003,6.299999999999992,-12.12289541694502
4.200000000000003,6.299999999999992,-11.8185146947547
4.250000000000003,6.299999999999992,-11.497777636870172
4.3000000000000025,6.299999999999992,-11.166836180526571
4.350000000000003,6.299999999999992,-10.83101378915683
4.400000000000003,6.299999999999992,-10.494756869818403
4.450000000000003,6.299999999999992,-10.161657137531467
4.5000000000000036,6.299999999999992,-9.834520081838914
4.550000000000003,6.299999999999992,-9.515458572507432
4.600000000000003,6.299999999999992,-9.205995836492871
4.650000000000003,6.299999999999992,-8.907167115745574
4.700000000000003,6.299999999999992,-8.619613551806157
4.7500000000000036,6.299999999999992,-8.34366501547873
4.800000000000003,6.299999999999992,-8.07941077105585
4.850000000000003,6.299999999999992,-7.826758222296184
4.900000000000004,6.299999999999992,-7.585480745546677
4.950000000000004,6.299999999999992,-7.355255964901075
5.0000000000000036,6.299999999999992,-7.135695915078118
5.050000000000003,6.299999999999992,-6.926370478069889
5.100000000000003,6.299999999999992,-6.726825342664224
5.150000000000004,6.299999999999992,-6.53659556808355
5.200000000000004,6.299999999999992,-6.35521566172541
5.2500000000000036,6.299999999999992,-6.18222692125623
5.300000000000004,6.299999999999992,-6.017182650034039
5.350000000000004,6.299999999999992,-5.859651734167074
5.400000000000004,6.299999999999992,-5.709220968928567
5.450000000000004,6.299999999999992,-5.5654964398769255
5.5000000000000036,6.299999999999992,-5.42810419747087
5.550000000000004,6.299999999999992,-5.2966904107366055
5.600000000000004,6.299999999999992,-5.170921143315024
5.650000000000004,6.299999999999992,-5.050481861936326
5.700000000000005,6.299999999999992,-4.9350767612843
5.750000000000004,6.299999999999992,-4.824427968863324
5.800000000000004,6.299999999999992,-4.718274677673596
5.850000000000004,6.299999999999992,-4.616372242269559
5.900000000000004,6.299999999999992,-4.518491264350631
5.950000000000005,6.299999999999992,-4.424416686799146
1.0,6.349999999999992,-3.40956812352181
1.05,6.349999999999992,-3.466347981893318
1.1,6.349999999999992,-3.5249669126568066
1.1500000000000001,6.349999999999992,-3.585511064208737
1.2000000000000002,6.349999999999992,-3.6480716900456915
1.2500000000000002,6.349999999999992,-3.712745495939215
1.3000000000000003,6.349999999999992,-3.7796350110433155
1.3500000000000003,6.349999999999992,-3.848848984071357
1.4000000000000004,6.349999999999992,-3.920502805551453
1.4500000000000004,6.349999999999992,-3.9947189569718864
1.5000000000000004,6.349999999999992,-4.0716274873389615
1.5500000000000005,6.349999999999992,-4.151366517261599
1.6000000000000005,6.349999999999992,-4.234082770115199
1.6500000000000006,6.349999999999992,-4.319932129077266
1.7000000000000006,6.349999999999992,-4.409080217813123
1.7500000000000007,6.349999999999992,-4.501703001250181
1.8000000000000007,6.349999999999992,-4.597987401123857
1.8500000000000008,6.349999999999992,-4.698131918693437
1.9000000000000008,6.349999999999992,-4.802347254068607
1.9500000000000008,6.349999999999992,-4.910856907776675
2.000000000000001,6.349999999999992,-5.023897745310789
2.0500000000000007,6.349999999999992,-5.14172049914818
2.100000000000001,6.349999999999992,-5.264590174763665
2.1500000000000012,6.349999999999992,-5.392786317053098
2.200000000000001,6.349999999999992,-5.526603080791608
2.250000000000001,6.349999999999992,-5.666349032634478
2.300000000000001,6.349999999999992,-5.812346591947551
2.3500000000000014,6.349999999999992,-5.964930992512185
2.4000000000000012,6.349999999999992,-6.124448615831125
2.450000000000001,6.349999999999992,-6.2912545081915425
2.5000000000000013,6.349999999999992,-6.465708846581802
2.5500000000000016,6.349999999999992,-6.648172061821121
2.6000000000000014,6.349999999999992,-6.838998259914391
2.6500000000000012,6.349999999999992,-7.03852650436102
2.7000000000000015,6.349999999999992,-7.247069433768449
2.7500000000000018,6.349999999999992,-7.464898593527525
2.8000000000000016,6.349999999999992,-7.692225763712229
2.8500000000000014,6.349999999999992,-7.929179479168367
2.9000000000000017,6.349999999999992,-8.175775881053521
2.950000000000002,6.349999999999992,-8.431883041889016
3.0000000000000018,6.349999999999992,-8.697178013090344
3.0500000000000016,6.349999999999992,-8.971096117701071
3.100000000000002,6.349999999999992,-9.252772534471589
3.150000000000002,6.349999999999992,-9.540977092951787
3.200000000000002,6.349999999999992,-9.834044529833822
3.2500000000000018,6.349999999999992,-10.12980433163148
3.300000000000002,6.349999999999992,-10.425516727348027
3.3500000000000023,6.349999999999992,-10.717824274091132
3.400000000000002,6.349999999999992,-11.002731437038133
3.450000000000002,6.349999999999992,-11.275626909302698
3.500000000000002,6.349999999999992,-11.531364086970914
3.5500000000000025,6.349999999999992,-11.76441279336688
3.6000000000000023,6.349999999999992,-11.96908880925722
3.650000000000002,6.349999999999992,-12.139856491622885
3.7000000000000024,6.349999999999992,-12.27168468020346
3.7500000000000027,6.349999999999992,-12.360420081849187
3.8000000000000025,6.349999999999992,-12.403129992384496
3.8500000000000023,6.349999999999992,-12.39836257207234
3.9000000000000026,6.349999999999992,-12.346281192856836
3.950000000000003,6.349999999999992,-12.248649140355532
4.000000000000003,6.349999999999992,-12.10866741303203
4.0500000000000025,6.349999999999992,-11.930694031855955
4.100000000000003,6.349999999999992,-11.719890999520086
4.150000000000003,6.349999999999992,-11.48185085966779
4.200000000000003,6.349999999999992,-11.222249075295359
4.250000000000003,6.349999999999992,-10.946554963958201
4.3000000000000025,6.349999999999992,-10.659817778283227
4.350000000000003,6.349999999999992,-10.366530033476163
4.400000000000003,6.349999999999992,-10.070559839171027
4.450000000000003,6.349999999999992,-9.775138373683813
4.5000000000000036,6.349999999999992,-9.482887023908578
4.550000000000003,6.349999999999992,-9.195869819085715
4.600000000000003,6.349999999999992,-8.915659327128944
4.650000000000003,6.349999999999992,-8.643407168579198
4.700000000000003,6.349999999999992,-8.379913114226358
4.7500000000000036,6.349999999999992,-8.125689062256118
4.800000000000003,6.349999999999992,-7.881015952146207
4.850000000000003,6.349999999999992,-7.645992903551769
4.900000000000004,6.349999999999992,-7.420578663317428
4.950000000000004,6.349999999999992,-7.204625909677417
5.0000000000000036,6.349999999999992,-6.997909197113925
5.050000000000003,6.349999999999992,-6.800147407032993
5.100000000000003,6.349999999999992,-6.611021557268924
5.150000000000004,6.349999999999992,-6.430188758826713
5.200000000000004,6.349999999999992,-6.257293018755265
5.2500000000000036,6.349999999999992,-6.091973490935429
5.300000000000004,6.349999999999992,-5.933870682048915
5.350000000000004,6.349999999999992,-5.782631033485232
5.400000000000004,6.349999999999992,-5.637910223828067
5.450000000000004,6.349999999999992,-5.499375471389558
5.5000000000000036,6.349999999999992,-5.3667070615457035
5.550000000000004,6.349999999999992,-5.239599278363301
5.600000000000004,6.349999999999992,-5.117760882987222
5.650000000000004,6.349999999999992,-5.000915251244129
5.700000000000005,6.349999999999992,-4.8888002587613695
5.750000000000004,6.349999999999992,-4.781167982568197
5.800000000000004,6.349999999999992,-4.677784272752921
5.850000000000004,6.349999999999992,-4.578428235543436
5.900000000000004,6.349999999999992,-4.482891659536568
5.950000000000005,6.349999999999992,-4.39097840921231
1.0,6.3999999999999915,-3.393217422993817
1.05,6.3999999999999915,-3.4491708760331123
1.1,6.3999999999999915,-3.5069081186387283
1.1500000000000001,6.3999999999999915,-3.566510723126477
1.2000000000000002,6.3999999999999915,-3.628064918775886
1.2500000000000002,6.3999999999999915,-3.691661888833782
1.3000000000000003,6.3999999999999915,-3.7573980852205207
1.3500000000000003,6.3999999999999915,-3.825375561244706
1.4000000000000004,6.3999999999999915,-3.8957023223908225
1.4500000000000004,6.3999999999999915,-3.9684926949180612
1.5000000000000004,6.3999999999999915,-4.043867711574985
1.5500000000000005,6.3999999999999915,-4.121955513164968
1.6000000000000005,6.3999999999999915,-4.202891763955941
1.6500000000000006,6.3999999999999915,-4.286820077970374
1.7000000000000006,6.3999999999999915,-4.373892451962064
1.7500000000000007,6.3999999999999915,-4.464269699316324
1.8000000000000007,6.3999999999999915,-4.558121877113696
1.8500000000000008,6.3999999999999915,-4.655628696068398
1.9000000000000008,6.3999999999999915,-4.756979899860029
1.9500000000000008,6.3999999999999915,-4.86237559635946
2.000000000000001,6.3999999999999915,-4.97202651820949
2.0500000000000007,6.3999999999999915,-5.086154183916881
2.100000000000001,6.3999999999999915,-5.2049909227535975
2.1500000000000012,6.3999999999999915,-5.328779717001964
2.200000000000001,6.3999999999999915,-5.457773802997664
2.250000000000001,6.3999999999999915,-5.5922359575437275
2.300000000000001,6.3999999999999915,-5.732437378038194
2.3500000000000014,6.3999999999999915,-5.878656042470398
2.4000000000000012,6.3999999999999915,-6.031174408655041
2.450000000000001,6.3999999999999915,-6.190276280065232
2.5000000000000013,6.3999999999999915,-6.356242627875192
2.5500000000000016,6.3999999999999915,-6.529346115058942
2.6000000000000014,6.3999999999999915,-6.709844018820641
2.6500000000000012,6.3999999999999915,-6.897969193291966
2.7000000000000015,6.3999999999999915,-7.093918657704185
2.7500000000000018,6.3999999999999915,-7.297839340589104
2.8000000000000016,6.3999999999999915,-7.509810465529695
2.8500000000000014,6.3999999999999915,-7.729822040504624
2.9000000000000017,6.3999999999999915,-7.957748928868966
2.950000000000002,6.3999999999999915,-8.1933200611197
3.0000000000000018,6.3999999999999915,-8.436082527686281
3.0500000000000016,6.3999999999999915,-8.685360618791302
3.100000000000002,6.3999999999999915,-8.940210400958318
3.150000000000002,6.3999999999999915,-9.199371196632303
3.200000000000002,6.3999999999999915,-9.46121640945249
3.2500000000000018,6.3999999999999915,-9.723707526947777
3.300000000000002,6.3999999999999915,-9.984356783245737
3.3500000000000023,6.3999999999999915,-10.240205715838675
3.400000000000002,6.3999999999999915,-10.487828386782752
3.450000000000002,6.3999999999999915,-10.723368862532215
3.500000000000002,6.3999999999999915,-10.942622003890417
3.5500000000000025,6.3999999999999915,-11.141164014665994
3.6000000000000023,6.3999999999999915,-11.314534037504991
3.650000000000002,6.3999999999999915,-11.458460401600183
3.7000000000000024,6.3999999999999915,-11.569115810523996
3.7500000000000027,6.3999999999999915,-11.643376685480595
3.8000000000000025,6.3999999999999915,-11.679055631995784
3.8500000000000023,6.3999999999999915,-11.675075100016292
3.9000000000000026,6.3999999999999915,-11.631556171450587
3.950000000000003,6.3999999999999915,-11.549808477466456
4.000000000000003,6.3999999999999915,-11.432222857073713
4.0500000000000025,6.3999999999999915,-11.282083563246584
4.100000000000003,6.3999999999999915,-11.103327801844404
4.150000000000003,6.3999999999999915,-10.900284873947555
4.200000000000003,6.3999999999999915,-10.677425060429604
4.250000000000003,6.3999999999999915,-10.439141356975853
4.3000000000000025,6.3999999999999915,-10.189577854045048
4.350000000000003,6.3999999999999915,-9.9325094468627
4.400000000000003,6.3999999999999915,-9.67127034142422
4.450000000000003,6.3999999999999915,-9.408724193327748
4.5000000000000036,6.3999999999999915,-9.147266575821819
4.550000000000003,6.3999999999999915,-8.88885026088283
4.600000000000003,6.3999999999999915,-8.635024811760537
4.650000000000003,6.3999999999999915,-8.386983598679024
4.700000000000003,6.3999999999999915,-8.145613100427706
4.7500000000000036,6.3999999999999915,-7.911540961770732
4.800000000000003,6.3999999999999915,-7.685180604650252
4.850000000000003,6.3999999999999915,-7.466771204850192
4.900000000000004,6.3999999999999915,-7.256412567776027
4.950000000000004,6.3999999999999915,-7.05409491649863
5.0000000000000036,6.3999999999999915,-6.85972389804769
5.050000000000003,6.3999999999999915,-6.673141271767849
5.100000000000003,6.3999999999999915,-6.494141809158359
5.150000000000004,6.3999999999999915,-6.322486940941214
5.200000000000004,6.3999999999999915,-6.157915658097583
5.2500000000000036,6.3999999999999915,-6.0001531258616865
5.300000000000004,6.3999999999999915,-5.848917414104992
5.350000000000004,6.3999999999999915,-5.703924691015455
5.400000000000004,6.3999999999999915,-5.564893173451697
5.450000000000004,6.3999999999999915,-5.431546078892573
5.5000000000000036,6.3999999999999915,-5.303613781343691
5.550000000000004,6.3999999999999915,-5.180835336992931
5.600000000000004,6.3999999999999915,-5.062959514490042
5.650000000000004,6.3999999999999915,-4.949745438910618
5.700000000000005,6.3999999999999915,-4.84096293711928
5.750000000000004,6.3999999999999915,-4.736392654733258
5.800000000000004,6.3999999999999915,-4.635826000608734
5.850000000000004,6.3999999999999915,-4.539064963191423
5.900000000000004,6.3999999999999915,-4.445921833721515
5.950000000000005,6.3999999999999915,-4.356218863761275
1.0,6.449999999999991,-3.37613725241255
1.05,6.449999999999991,-3.431236245504261
1.1,6.449999999999991,-3.488062633157034
1.1500000000000001,6.449999999999991,-3.5466933996426233
1.2000000000000002,6.449999999999991,-3.607209746750284
1.2500000000000002,6.449999999999991,-3.6696973429924906
1.3000000000000003,6.449999999999991,-3.73424658480471
1.3500000000000003,6.449999999999991,-3.8009528693254566
1.4000000000000004,6.449999999999991,-3.869916878011552
1.4500000000000004,6.449999999999991,-3.9412448699181697
1.5000000000000004,6.449999999999991,-4.01504898293077
1.5500000000000005,6.449999999999991,-4.091447540548247
1.6000000000000005,6.449999999999991,-4.170565360948785
1.6500000000000006,6.449999999999991,-4.252534063979351
1.7000000000000006,6.449999999999991,-4.3374923703440835
1.7500000000000007,6.449999999999991,-4.425586385562445
1.8000000000000007,6.449999999999991,-4.516969859146563
1.8500000000000008,6.449999999999991,-4.611804406814567
1.9000000000000008,6.449999999999991,-4.710259680298202
1.9500000000000008,6.449999999999991,-4.812513465281133
2.000000000000001,6.449999999999991,-4.918751683054942
2.0500000000000007,6.449999999999991,-5.029168265408091
2.100000000000001,6.449999999999991,-5.143964864841651
2.1500000000000012,6.449999999999991,-5.2633503531715125
2.200000000000001,6.449999999999991,-5.387540050633373
2.250000000000001,6.449999999999991,-5.51675461442772
2.300000000000001,6.449999999999991,-5.651218499883484
2.3500000000000014,6.449999999999991,-5.791157888742157
2.4000000000000012,6.449999999999991,-5.9367979571742975
2.450000000000001,6.449999999999991,-6.0883593308502935
2.5000000000000013,6.449999999999991,-6.246053545717306
2.5500000000000016,6.449999999999991,-6.41007730146005
2.6000000000000014,6.449999999999991,-6.580605260893955
2.6500000000000012,6.449999999999991,-6.757781114584729
2.7000000000000015,6.449999999999991,-6.941706598939124
2.7500000000000018,6.449999999999991,-7.13242813285187
2.8000000000000016,6.449999999999991,-7.329920730253281
2.8500000000000014,6.449999999999991,-7.534068864461051
2.9000000000000017,6.449999999999991,-7.744644020162798
2.950000000000002,6.449999999999991,-7.961278790057876
3.0000000000000018,6.449999999999991,-8.183437580581002
3.0500000000000016,6.449999999999991,-8.41038431365527
3.100000000000002,6.449999999999991,-8.641147979072048
3.150000000000002,6.449999999999991,-8.874487529781552
3.200000000000002,6.449999999999991,-9.10885842935902
3.2500000000000018,6.449999999999991,-9.342384134898658
3.300000000000002,6.449999999999991,-9.572836854947154
3.3500000000000023,6.449999999999991,-9.79763291133505
3.400000000000002,6.449999999999991,-10.01384871500795
3.450000000000002,6.449999999999991,-10.218263409500004
3.500000000000002,6.449999999999991,-10.40743326213068
3.5500000000000025,6.449999999999991,-10.577800554392676
3.6000000000000023,6.449999999999991,-10.72583588771107
3.650000000000002,6.449999999999991,-10.848207684602775
3.7000000000000024,6.449999999999991,-10.941966922598763
3.7500000000000027,6.449999999999991,-11.004729969062012
3.8000000000000025,6.449999999999991,-11.034839238234254
3.8500000000000023,6.449999999999991,-11.031481554520886
3.9000000000000026,6.449999999999991,-10.994748183519844
3.950000000000003,6.449999999999991,-10.925628030524415
4.000000000000003,6.449999999999991,-10.825934981517012
4.0500000000000025,6.449999999999991,-10.698179611418935
4.100000000000003,6.449999999999991,-10.54540242166377
4.150000000000003,6.449999999999991,-10.370989063135374
4.200000000000003,6.449999999999991,-10.178487423939988
4.250000000000003,6.449999999999991,-9.971442794541982
4.3000000000000025,6.449999999999991,-9.753261926531074
4.350000000000003,6.449999999999991,-9.527111099456036
4.400000000000003,6.449999999999991,-9.295848395366777
4.450000000000003,6.449999999999991,-9.061986844125924
4.5000000000000036,6.449999999999991,-8.827683065480326
4.550000000000003,6.449999999999991,-8.59474529388199
4.600000000000003,6.449999999999991,-8.364654872840203
4.650000000000003,6.449999999999991,-8.13859607224246
4.700000000000003,6.449999999999991,-7.917490100965288
4.7500000000000036,6.449999999999991,-7.702030236237407
4.800000000000003,6.449999999999991,-7.49271593777055
4.850000000000003,6.449999999999991,-7.289884596295887
4.900000000000004,6.449999999999991,-7.09374016838776
4.950000000000004,6.449999999999991,-6.90437838580519
5.0000000000000036,6.449999999999991,-6.721808524650152
5.050000000000003,6.449999999999991,-6.545971907584053
5.100000000000003,6.449999999999991,-6.376757419452124
5.150000000000004,6.449999999999991,-6.214014366884443
5.200000000000004,6.449999999999991,-6.057563024681779
5.2500000000000036,6.449999999999991,-5.907203200218923
5.300000000000004,6.449999999999991,-5.762721121850733
5.350000000000004,6.449999999999991,-5.623894925345365
5.400000000000004,6.449999999999991,-5.490498978258071
5.450000000000004,6.449999999999991,-5.362307248727884
5.5000000000000036,6.449999999999991,-5.239095894052238
5.550000000000004,6.449999999999991,-5.120645216384586
5.600000000000004,6.449999999999991,-5.006741108296908
5.650000000000004,6.449999999999991,-4.8971760897212295
5.700000000000005,6.449999999999991,-4.791750019716846
5.750000000000004,6.449999999999991,-4.690270551294954
5.800000000000004,6.449999999999991,-4.59255338482765
5.850000000000004,6.449999999999991,-4.498422365032015
5.900000000000004,6.449999999999991,-4.407709457831064
5.950000000000005,6.449999999999991,-4.3202546362617475
1.0,6.499999999999991,-3.3583650940273113
1.05,6.499999999999991,-3.4125845151844043
1.1,6.499999999999991,-3.468474093588636
1.1500000000000001,6.499999999999991,-3.526106241257447
1.2000000000000002,6.499999999999991,-3.5855571600320153
1.2500000000000002,6.499999999999991,-3.6469070456974917
1.3000000000000003,6.499999999999991,-3.7102402989419705
1.3500000000000003,6.499999999999991,-3.775645742132356
1.4000000000000004,6.499999999999991,-3.843216840487025
1.4500000000000004,6.499999999999991,-3.913051925728026
1.5000000000000004,6.499999999999991,-3.985254419677485
1.5500000000000005,6.499999999999991,-4.059933054496963
1.6000000000000005,6.499999999999991,-4.137202085322279
1.6500000000000006,6.499999999999991,-4.217181489880471
1.7000000000000006,6.499999999999991,-4.299997148242844
1.7500000000000007,6.499999999999991,-4.385780994111647
1.8000000000000007,6.499999999999991,-4.47467112688998
1.8500000000000008,6.499999999999991,-4.56681187116449
1.9000000000000008,6.499999999999991,-4.6623537670428625
1.9500000000000008,6.499999999999991,-4.7614534709216665
2.000000000000001,6.499999999999991,-4.8642735415854705
2.0500000000000007,6.499999999999991,-4.970982080907619
2.100000000000001,6.499999999999991,-5.081752191671047
2.1500000000000012,6.499999999999991,-5.196761206973015
2.200000000000001,6.499999999999991,-5.316189636129791
2.250000000000001,6.499999999999991,-5.440219760766758
2.300000000000001,6.499999999999991,-5.569033801695865
2.3500000000000014,6.499999999999991,-5.70281156212474
2.4000000000000012,6.499999999999991,-5.84172743568223
2.450000000000001,6.499999999999991,-5.98594664881651
2.5000000000000013,6.499999999999991,-6.1356205867131886
2.5500000000000016,6.499999999999991,-6.290881030772409
2.6000000000000014,6.499999999999991,-6.451833115231783
2.6500000000000012,6.499999999999991,-6.6185467929000765
2.7000000000000015,6.499999999999991,-6.791046588477397
2.7500000000000018,6.499999999999991,-6.969299417382601
2.8000000000000016,6.499999999999991,-7.153200265106204
2.8500000000000014,6.499999999999991,-7.34255556589808
2.9000000000000017,6.499999999999991,-7.537064201740662
2.950000000000002,6.499999999999991,-7.736296177318772
3.0000000000000018,6.499999999999991,-7.939669230361198
3.0500000000000016,6.499999999999991,-8.146423925996126
3.100000000000002,6.499999999999991,-8.355598172598476
3.150000000000002,6.499999999999991,-8.566002590975703
3.200000000000002,6.499999999999991,-8.776198758792724
3.2500000000000018,6.499999999999991,-8.984483001987542
3.300000000000002,6.499999999999991,-9.18887904122929
3.3500000000000023,6.499999999999991,-9.387143303867898
3.400000000000002,6.499999999999991,-9.576786910714834
3.450000000000002,6.499999999999991,-9.755118036135269
3.500000000000002,6.499999999999991,-9.919307311819965
3.5500000000000025,6.499999999999991,-10.0664770527116
3.6000000000000023,6.499999999999991,-10.19381232560516
3.650000000000002,6.499999999999991,-10.298688481679758
3.7000000000000024,6.499999999999991,-10.378806229944137
3.7500000000000027,6.499999999999991,-10.432322369497392
3.8000000000000025,6.499999999999991,-10.457962741654951
3.8500000000000023,6.499999999999991,-10.455104471956382
3.9000000000000026,6.499999999999991,-10.423817396919503
3.950000000000003,6.499999999999991,-10.36485937955417
4.000000000000003,6.499999999999991,-10.279626119198626
4.0500000000000025,6.499999999999991,-10.170061836177704
4.100000000000003,6.499999999999991,-10.038541679607917
4.150000000000003,6.499999999999991,-9.887739075165449
4.200000000000003,6.499999999999991,-9.720491288844556
4.250000000000003,6.499999999999991,-9.539674583515595
4.3000000000000025,6.499999999999991,-9.348097203378238
4.350000000000003,6.499999999999991,-9.148414853803859
4.400000000000003,6.499999999999991,-8.943070042145633
4.450000000000003,6.499999999999991,-8.734254050652998
4.5000000000000036,6.499999999999991,-8.523888599575733
4.550000000000003,6.499999999999991,-8.313623388660382
4.600000000000003,6.499999999999991,-8.104845513617992
4.650000000000003,6.499999999999991,-7.898697029405177
4.700000000000003,6.499999999999991,-7.696097473393552
4.7500000000000036,6.499999999999991,-7.497768808538162
4.800000000000003,6.499999999999991,-7.304260889054403
4.850000000000003,6.499999999999991,-7.115976123904439
4.900000000000004,6.499999999999991,-6.933192486804542
4.950000000000004,6.499999999999991,-6.7560843895578335
5.0000000000000036,6.499999999999991,-6.584741206397896
5.050000000000003,6.499999999999991,-6.419183425555543
5.100000000000003,6.499999999999991,-6.259376527244057
5.150000000000004,6.499999999999991,-6.105242760667905
5.200000000000004,6.499999999999991,-5.956671030266022
5.2500000000000036,6.499999999999991,-5.813525114324007
5.300000000000004,6.499999999999991,-5.6756504358779996
5.350000000000004,6.499999999999991,-5.542879592786656
5.400000000000004,6.499999999999991,-5.415036835436839
5.450000000000004,6.499999999999991,-5.2919416598213225
5.5000000000000036,6.499999999999991,-5.173411662671481
5.550000000000004,6.499999999999991,-5.059264785167552
5.600000000000004,6.499999999999991,-4.9493210531730645
5.650000000000004,6.499999999999991,-4.843403905276499
5.700000000000005,6.499999999999991,-4.741341185266521
5.750000000000004,6.499999999999991,-4.6429658629659
5.800000000000004,6.499999999999991,-4.54811653646983
5.850000000000004,6.499999999999991,-4.456637759600601
5.900000000000004,6.499999999999991,-4.3683802306115815
5.950000000000005,6.499999999999991,-4.283200871659891
1.0,6.549999999999991,-3.339938842245087
1.05,6.549999999999991,-3.3932564929177427
1.1,6.549999999999991,-3.4481864809856826
1.1500000000000001,6.549999999999991,-3.504796687674902
1.2000000000000002,6.549999999999991,-3.56315837075707
1.2500000000000002,6.549999999999991,-3.6233463265590045
1.3000000000000003,6.549999999999991,-3.685439054225648
1.3500000000000003,6.549999999999991,-3.749518920715753
1.4000000000000004,6.549999999999991,-3.815672324565214
1.4500000000000004,6.549999999999991,-3.8839898559092205
1.5000000000000004,6.549999999999991,-3.954566449590568
1.5500000000000005,6.549999999999991,-4.027501527372859
1.6000000000000005,6.549999999999991,-4.102899124294815
1.6500000000000006,6.549999999999991,-4.180867993010521
1.7000000000000006,6.549999999999991,-4.261521678519033
1.7500000000000007,6.549999999999991,-4.3449785539470245
1.8000000000000007,6.549999999999991,-4.431361805953242
1.8500000000000008,6.549999999999991,-4.52079935580805
1.9000000000000008,6.549999999999991,-4.613423699189633
1.9500000000000008,6.549999999999991,-4.709371644145284
2.000000000000001,6.549999999999991,-4.808783922396335
2.0500000000000007,6.549999999999991,-4.911804644115251
2.100000000000001,6.549999999999991,-5.018580560364152
2.1500000000000012,6.549999999999991,-5.129260090446666
2.200000000000001,6.549999999999991,-5.243992063389324
2.250000000000001,6.549999999999991,-5.362924113557629
2.300000000000001,6.549999999999991,-5.486200659992415
2.3500000000000014,6.549999999999991,-5.613960387466699
2.4000000000000012,6.549999999999991,-5.746333134673822
2.450000000000001,6.549999999999991,-5.883436081708454
2.5000000000000013,6.549999999999991,-6.0253691157022065
2.5500000000000016,6.549999999999991,-6.172209241112123
2.6000000000000014,6.549999999999991,-6.32400389123873
2.6500000000000012,6.549999999999991,-6.480762992270927
2.7000000000000015,6.549999999999991,-6.642449633616532
2.7500000000000018,6.549999999999991,-6.808969212695181
2.8000000000000016,6.549999999999991,-6.980156954279295
2.8500000000000014,6.549999999999991,-7.155763760849437
2.9000000000000017,6.549999999999991,-7.335440439664861
2.950000000000002,6.549999999999991,-7.518720483758238
3.0000000000000018,6.549999999999991,-7.705001767415933
3.0500000000000016,6.549999999999991,-7.893527759954165
3.100000000000002,6.549999999999991,-8.08336916856011
3.150000000000002,6.549999999999991,-8.273407287232148
3.200000000000002,6.549999999999991,-8.462320736598759
3.2500000000000018,6.549999999999991,-8.648577691434587
3.300000000000002,6.549999999999991,-8.830436047083895
3.3500000000000023,6.549999999999991,-9.005954183509168
3.400000000000002,6.549999999999991,-9.173014933449199
3.450000000000002,6.549999999999991,-9.329364926478984
3.500000000000002,6.549999999999991,-9.472670557810826
3.5500000000000025,6.549999999999991,-9.600590369974478
3.6000000000000023,6.549999999999991,-9.710861689417209
3.650000000000002,6.549999999999991,-9.801397120150352
3.7000000000000024,6.549999999999991,-9.870384302583439
3.7500000000000027,6.549999999999991,-9.91638064656462
3.8000000000000025,6.549999999999991,-9.93839400729202
3.8500000000000023,6.549999999999991,-9.935940836325596
3.9000000000000026,6.549999999999991,-9.909075301900216
3.950000000000003,6.549999999999991,-9.85838600154532
4.000000000000003,6.549999999999991,-9.784960652105577
4.0500000000000025,6.549999999999991,-9.690322831234365
4.100000000000003,6.549999999999991,-9.576347774145415
4.150000000000003,6.549999999999991,-9.445165919426135
4.200000000000003,6.549999999999991,-9.299063183311576
4.250000000000003,6.549999999999991,-9.140385976230046
4.3000000000000025,6.549999999999991,-8.971457138937204
4.350000000000003,6.549999999999991,-8.794506738946707
4.400000000000003,6.549999999999991,-8.61161946416504
4.450000000000003,6.549999999999991,-8.424698491123019
4.5000000000000036,6.549999999999991,-8.235444351760046
4.550000000000003,6.549999999999991,-8.045346503825527
4.600000000000003,6.549999999999991,-7.855684961263739
4.650000000000003,6.549999999999991,-7.667539350463095
4.700000000000003,6.549999999999991,-7.481803003530766
4.7500000000000036,6.549999999999991,-7.299200071942432
4.800000000000003,6.549999999999991,-7.1203040591971165
4.850000000000003,6.549999999999991,-6.945556572825186
4.900000000000004,6.549999999999991,-6.77528545141472
4.950000000000004,6.549999999999991,-6.6097217165596724
5.0000000000000036,6.549999999999991,-6.449015030413246
5.050000000000003,6.549999999999991,-6.293247511788999
5.100000000000003,6.549999999999991,-6.142445886026447
5.150000000000004,6.549999999999991,-5.996592025772608
5.200000000000004,6.549999999999991,-5.855631990688719
5.2500000000000036,6.549999999999991,-5.71948370199083
5.300000000000004,6.549999999999991,-5.588043399361583
5.350000000000004,6.549999999999991,-5.461191028385366
5.400000000000004,6.549999999999991,-5.338794700235275
5.450000000000004,6.549999999999991,-5.220714354779332
5.5000000000000036,6.549999999999991,-5.106804745621023
5.550000000000004,6.549999999999991,-4.9969178522346045
5.600000000000004,6.549999999999991,-4.890904811199489
5.650000000000004,6.549999999999991,-4.78861744612871
5.700000000000005,6.549999999999991,-4.689909464525984
5.750000000000004,6.549999999999991,-4.5946373796274855
5.800000000000004,6.549999999999991,-4.502661206312984
5.850000000000004,6.549999999999991,-4.413844972362079
5.900000000000004,6.549999999999991,-4.328057079601984
5.950000000000005,6.549999999999991,-4.245170543740728
1.0,6.599999999999991,-3.3208966169007286
1.05,6.599999999999991,-3.3732931649252205
1.1,6.599999999999991,-3.4272438958548475
1.1500000000000001,6.599999999999991,-3.4828122250195754
1.2000000000000002,6.599999999999991,-3.540064547689867
1.2500000000000002,6.599999999999991,-3.599070362138427
1.3000000000000003,6.599999999999991,-3.6599023909435884
1.3500000000000003,6.599999999999991,-3.722636698618672
1.4000000000000004,6.599999999999991,-3.7873528031803088
1.4500000000000004,6.599999999999991,-3.8541337787005876
1.5000000000000004,6.599999999999991,-3.923066345204372
1.5500000000000005,6.599999999999991,-3.9942409414524693
1.6000000000000005,6.599999999999991,-4.0677517751680625
1.6500000000000006,6.599999999999991,-4.143696844088167
1.7000000000000006,6.599999999999991,-4.222177919819378
1.7500000000000007,6.599999999999991,-4.303300484808318
1.8000000000000007,6.599999999999991,-4.38717361075677
1.8500000000000008,6.599999999999991,-4.47390976446897
1.9000000000000008,6.599999999999991,-4.5636245243575475
1.9500000000000008,6.599999999999991,-4.656436187594541
2.000000000000001,6.599999999999991,-4.752465244110754
2.0500000000000007,6.599999999999991,-4.8518336892560905
2.100000000000001,6.599999999999991,-4.9546641418754716
2.1500000000000012,6.599999999999991,-5.061078728780355
2.200000000000001,6.599999999999991,-5.171197690077722
2.250000000000001,6.599999999999991,-5.285137652565915
2.300000000000001,6.599999999999991,-5.403009510487737
2.3500000000000014,6.599999999999991,-5.524915844501251
2.4000000000000012,6.599999999999991,-5.650947801070546
2.450000000000001,6.599999999999991,-5.781181346056341
2.5000000000000013,6.599999999999991,-5.915672798810859
2.5500000000000016,6.599999999999991,-6.054453547597439
2.6000000000000014,6.599999999999991,-6.197523845139745
2.6500000000000012,6.599999999999991,-6.344845586582021
2.7000000000000015,6.599999999999991,-6.496333983797403
2.7500000000000018,6.599999999999991,-6.651848073267467
2.8000000000000016,6.599999999999991,-6.811180033941987
2.8500000000000014,6.599999999999991,-6.974043351613419
2.9000000000000017,6.599999999999991,-7.14005995299323
2.950000000000002,6.599999999999991,-7.308746551487335
3.0000000000000018,6.599999999999991,-7.479500602398899
3.0500000000000016,6.599999999999991,-7.65158646038241
3.100000000000002,6.599999999999991,-7.8241225644654655
3.150000000000002,6.599999999999991,-7.9960707367300765
3.200000000000002,6.599999999999991,-8.166228950378777
3.2500000000000018,6.599999999999991,-8.333229168619813
3.300000000000002,6.599999999999991,-8.495542029542486
3.3500000000000023,6.599999999999991,-8.651490191366468
3.400000000000002,6.599999999999991,-8.799271985391844
3.450000000000002,6.599999999999991,-8.936996581291922
3.500000000000002,6.599999999999991,-9.062731102589789
3.5500000000000025,6.599999999999991,-9.174559035302597
3.6000000000000023,6.599999999999991,-9.270647914181945
3.650000000000002,6.599999999999991,-9.34932279651261
3.7000000000000024,6.599999999999991,-9.409140670357267
3.7500000000000027,6.599999999999991,-9.448959968165829
3.8000000000000025,6.599999999999991,-9.467999033276527
3.8500000000000023,6.599999999999991,-9.465877896565782
3.9000000000000026,6.599999999999991,-9.442639091173845
3.950000000000003,6.599999999999991,-9.398745306135964
4.000000000000003,6.599999999999991,-9.33505412911364
4.0500000000000025,6.599999999999991,-9.252772534471598
4.100000000000003,6.599999999999991,-9.153395726866592
4.150000000000003,6.599999999999991,-9.038636155634812
4.200000000000003,6.599999999999991,-8.910348850479362
4.250000000000003,6.599999999999991,-8.770458756789806
4.3000000000000025,6.599999999999991,-8.620894672941384
4.350000000000003,6.599999999999991,-8.463532985373938
4.400000000000003,6.599999999999991,-8.300152930066616
4.450000000000003,6.599999999999991,-8.13240379414987
4.5000000000000036,6.599999999999991,-7.961783439490481
4.550000000000003,6.599999999999991,-7.789626830211043
4.600000000000003,6.599999999999991,-7.617102863411146
4.650000000000003,6.599999999999991,-7.4452176824029905
4.700000000000003,6.599999999999991,-7.274822723460025
4.7500000000000036,6.599999999999991,-7.106625939790334
4.800000000000003,6.599999999999991,-6.941204900284595
4.850000000000003,6.599999999999991,-6.779020730606707
4.900000000000004,6.599999999999991,-6.620432120491289
4.950000000000004,6.599999999999991,-6.4657088465817925
5.0000000000000036,6.599999999999991,-6.315044447346394
5.050000000000003,6.599999999999991,-6.168567834660127
5.100000000000003,6.599999999999991,-6.026353738594365
5.150000000000004,6.599999999999991,-5.888431962842747
5.200000000000004,6.599999999999991,-5.754795483715702
5.2500000000000036,6.599999999999991,-5.625407461261167
5.300000000000004,6.599999999999991,-5.500207251713944
5.350000000000004,6.599999999999991,-5.3791155202454854
5.400000000000004,6.599999999999991,-5.262038555171835
5.450000000000004,6.599999999999991,-5.148871881925667
5.5000000000000036,6.599999999999991,-5.039503269113128
5.550000000000004,6.599999999999991,-4.933815211240006
5.600000000000004,6.599999999999991,-4.831686964174208
5.650000000000004,6.599999999999991,-4.732996200768586
5.700000000000005,6.599999999999991,-4.637620345722521
5.750000000000004,6.599999999999991,-4.545437640965828
5.800000000000004,6.599999999999991,-4.456327985739751
5.850000000000004,6.599999999999991,-4.370173589181118
5.900000000000004,6.599999999999991,-4.28685946758741
5.950000000000005,6.599999999999991,-4.206273813620427
1.0,6.649999999999991,-3.301276585717699
1.05,6.649999999999991,-3.3527355020850758
1.1,6.649999999999991,-3.4056903467833974
1.1500000000000001,6.649999999999991,-3.460200155226153
1.2000000000000002,6.649999999999991,-3.516326564688544
1.2500000000000002,6.649999999999991,-3.574133901703118
1.3000000000000003,6.649999999999991,-3.6336892642498864
1.3500000000000003,6.649999999999991,-3.695062596527514
1.4000000000000004,6.649999999999991,-3.7583267536103513
1.4500000000000004,6.649999999999991,-3.8235575527226455
1.5000000000000004,6.649999999999991,-3.8908338071802397
1.5500000000000005,6.649999999999991,-3.960237338242732
1.6000000000000005,6.649999999999991,-4.031852959164047
1.6500000000000006,6.649999999999991,-4.105768424602296
1.7000000000000006,6.649999999999991,-4.182074337223069
1.7500000000000007,6.649999999999991,-4.260864001773049
1.8000000000000007,6.649999999999991,-4.342233215079213
1.8500000000000008,6.649999999999991,-4.426279978306272
1.9000000000000008,6.649999999999991,-4.513104115342806
1.9500000000000008,6.649999999999991,-4.602806778346212
2.000000000000001,6.649999999999991,-4.695489818221034
2.0500000000000007,6.649999999999991,-4.7912549941034746
2.100000000000001,6.649999999999991,-4.890202991756666
2.1500000000000012,6.649999999999991,-4.992432216144857
2.200000000000001,6.649999999999991,-5.098037318377868
2.250000000000001,6.649999999999991,-5.20710741177137
2.300000000000001,6.649999999999991,-5.319723926088965
2.3500000000000014,6.649999999999991,-5.435958043343393
2.4000000000000012,6.649999999999991,-5.555867653183527
2.450000000000001,6.649999999999991,-5.679493761393229
2.5000000000000013,6.649999999999991,-5.806856282103995
2.5500000000000016,6.649999999999991,-5.93794914397591
2.6000000000000014,6.649999999999991,-6.072734644168399
2.6500000000000012,6.649999999999991,-6.211136993141613
2.7000000000000015,6.649999999999991,-6.353035010391542
2.7500000000000018,6.649999999999991,-6.498253958789001
2.8000000000000016,6.649999999999991,-6.646556546360722
2.8500000000000014,6.649999999999991,-6.797633182510449
2.9000000000000017,6.649999999999991,-6.951091654222052
2.950000000000002,6.649999999999991,-7.106446489599408
3.0000000000000018,6.649999999999991,-7.263108402756973
3.0500000000000016,6.649999999999991,-7.420374364718296
3.100000000000002,6.649999999999991,-7.577419014826335
3.150000000000002,6.649999999999991,-7.733288305791835
3.200000000000002,6.649999999999991,-7.886896445095305
3.2500000000000018,6.649999999999991,-8.037027329548712
3.300000000000002,6.649999999999991,-8.182341733193702
3.3500000000000023,6.649999999999991,-8.321391459379166
3.400000000000002,6.649999999999991,-8.452641462109414
3.450000000000002,6.649999999999991,-8.57450054281596
3.500000000000002,6.649999999999991,-8.68536061879132
3.5500000000000025,6.649999999999991,-8.78364375347206
3.6000000000000023,6.649999999999991,-8.867855195772778
3.650000000000002,6.649999999999991,-8.936639704122694
3.7000000000000024,6.649999999999991,-8.988837580994623
3.7500000000000027,6.649999999999991,-9.02353628524165
3.8000000000000025,6.649999999999991,-9.040113375593377
3.8500000000000023,6.649999999999991,-9.03826696378215
3.9000000000000026,6.649999999999991,-9.018030820703247
3.950000000000003,6.649999999999991,-8.979772675693706
4.000000000000003,6.649999999999991,-8.924175874682135
4.0500000000000025,6.649999999999991,-8.852206162362036
4.100000000000003,6.649999999999991,-8.765066677513918
4.150000000000003,6.649999999999991,-8.664145112742581
4.200000000000003,6.649999999999991,-8.550957303755833
4.250000000000003,6.649999999999991,-8.427091300413142
4.3000000000000025,6.649999999999991,-8.2941553416411
4.350000000000003,6.649999999999991,-8.153732268712856
4.400000000000003,6.649999999999991,-8.007341934647544
4.450000000000003,6.649999999999991,-7.856412244776028
4.5000000000000036,6.649999999999991,-7.702258693508426
4.550000000000003,6.649999999999991,-7.546071694670708
4.600000000000003,6.649999999999991,-7.38891064470174
4.650000000000003,6.649999999999991,-7.23170348685258
4.700000000000003,6.649999999999991,-7.07525052127966
4.7500000000000036,6.649999999999991,-6.920231286631077
4.800000000000003,6.649999999999991,-6.767213482465704
4.850000000000003,6.649999999999991,-6.616663075069425
4.900000000000004,6.649999999999991,-6.468954907265624
4.950000000000004,6.649999999999991,-6.32438329945048
5.0000000000000036,6.649999999999991,-6.183172275163352
5.050000000000003,6.649999999999991,-6.045485166164286
5.100000000000003,6.649999999999991,-5.9114334489673634
5.150000000000004,6.649999999999991,-5.781084738989505
5.200000000000004,6.649999999999991,-5.654469922958474
5.2500000000000036,6.649999999999991,-5.531589448406834
5.300000000000004,6.649999999999991,-5.412418814309765
5.350000000000004,6.649999999999991,-5.296913322220238
5.400000000000004,6.649999999999991,-5.185012155183806
5.450000000000004,6.649999999999991,-5.076641854374002
5.5000000000000036,6.649999999999991,-4.97171926243123
5.550000000000004,6.649999999999991,-4.870153999178299
5.600000000000004,6.649999999999991,-4.771850530664689
5.650000000000004,6.649999999999991,-4.676709887038312
5.700000000000005,6.649999999999991,-4.58463107903349
5.750000000000004,6.649999999999991,-4.49551225721623
5.800000000000004,6.649999999999991,-4.40925165274755
5.850000000000004,6.649999999999991,-4.325748333432748
5.900000000000004,6.649999999999991,-4.244902804280666
5.950000000000005,6.649999999999991,-4.166617477722904
1.0,6.69999999999999,-3.28111679705197
1.05,6.69999999999999,-3.33162427825326
1.1,6.69999999999999,-3.383569553156161
1.1500000000000001,6.69999999999999,-3.4370073819147073
1.2000000000000002,6.69999999999999,-3.491994768452686
1.2500000000000002,6.69999999999999,-3.5485910155292686
1.3000000000000003,6.69999999999999,-3.6068577716977863
1.3500000000000003,6.69999999999999,-3.6668590677353357
1.4000000000000004,6.69999999999999,-3.7286613396425228
1.4500000000000004,6.69999999999999,-3.7923334347499367
1.5000000000000004,6.69999999999999,-3.8579465968074333
1.5500000000000005,6.69999999999999,-3.9255744251585845
1.6000000000000005,6.69999999999999,-3.9952928021984824
1.6500000000000006,6.69999999999999,-4.067179782259437
1.7000000000000006,6.69999999999999,-4.141315433844864
1.7500000000000007,6.69999999999999,-4.217781625714415
1.8000000000000007,6.69999999999999,-4.29666174568943
1.8500000000000008,6.69999999999999,-4.378040339173196
1.9000000000000008,6.69999999999999,-4.462002652242305
1.9500000000000008,6.69999999999999,-4.548634061743532
2.000000000000001,6.69999999999999,-4.638019372110878
2.0500000000000007,6.69999999999999,-4.730241955594964
2.100000000000001,6.69999999999999,-4.825382709282543
2.1500000000000012,6.69999999999999,-4.923518798710591
2.200000000000001,6.69999999999999,-5.024722154113494
2.250000000000001,6.69999999999999,-5.129057681494807
2.300000000000001,6.69999999999999,-5.236581146961564
2.3500000000000014,6.69999999999999,-5.3473366893576575
2.4000000000000012,6.69999999999999,-5.461353913551021
2.450000000000001,6.69999999999999,-5.5786445152761726
2.5000000000000013,6.69999999999999,-5.699198388891834
2.5500000000000016,6.69999999999999,-5.822979172677767
2.6000000000000014,6.69999999999999,-5.9499191935061955
2.6500000000000012,6.69999999999999,-6.079913785293696
2.7000000000000015,6.69999999999999,-6.212814975259739
2.7500000000000018,6.69999999999999,-6.348424560627931
2.8000000000000016,6.69999999999999,-6.486486638106371
2.8500000000000014,6.69999999999999,-6.626679701364385
2.9000000000000017,6.69999999999999,-6.768608489568212
2.950000000000002,6.69999999999999,-6.911795853876886
3.0000000000000018,6.69999999999999,-7.055675008273586
3.0500000000000016,6.69999999999999,-7.199582643651667
3.100000000000002,6.69999999999999,-7.342753503949603
3.150000000000002,6.69999999999999,-7.484317140422361
3.200000000000002,6.69999999999999,-7.623297659948119
3.2500000000000018,6.69999999999999,-7.758617345424335
3.300000000000002,6.69999999999999,-7.889105026056427
3.3500000000000023,6.69999999999999,-8.013509985550483
3.400000000000002,6.69999999999999,-8.130521991454954
3.450000000000002,6.69999999999999,-8.238797691492412
3.500000000000002,6.69999999999999,-8.336993150296626
3.5500000000000025,6.69999999999999,-8.423801712985382
3.6000000000000023,6.69999999999999,-8.49799572912332
3.650000000000002,6.69999999999999,-8.558470029107797
3.7000000000000024,6.69999999999999,-8.604284513606782
3.7500000000000027,6.69999999999999,-8.634702900263628
3.8000000000000025,6.69999999999999,-8.649224659438712
3.8500000000000023,6.69999999999999,-8.647607511585049
3.9000000000000026,6.69999999999999,-8.629878544013158
3.950000000000003,6.69999999999999,-8.596332960692134
4.000000000000003,6.69999999999999,-8.547520576872849
4.0500000000000025,6.69999999999999,-8.484221252183247
4.100000000000003,6.69999999999999,-8.407411366388061
4.150000000000003,6.69999999999999,-8.318224062149431
4.200000000000003,6.69999999999999,-8.217906247962247
4.250000000000003,6.69999999999999,-8.107775275662512
4.3000000000000025,6.69999999999999,-7.989177839517987
4.350000000000003,6.69999999999999,-7.863453082003412
4.400000000000003,6.69999999999999,-7.731901240187783
4.450000000000003,6.69999999999999,-7.595758521649265
4.5000000000000036,6.69999999999999,-7.456178331814649
4.550000000000003,6.69999999999999,-7.31421852839211
4.600000000000003,6.69999999999999,-7.170834068483326
4.650000000000003,6.69999999999999,-7.026874233953242
4.700000000000003,6.69999999999999,-6.883083550916471
4.7500000000000036,6.69999999999999,-6.740105533570286
4.800000000000003,6.69999999999999,-6.598488454144738
4.850000000000003,6.69999999999999,-6.458692445495586
4.900000000000004,6.69999999999999,-6.321097361699226
4.950000000000004,6.69999999999999,-6.186010941063231
5.0000000000000036,6.69999999999999,-6.053676926238998
5.050000000000003,6.69999999999999,-5.924282892591323
5.100000000000003,6.69999999999999,-5.797967616593382
5.150000000000004,6.69999999999999,-5.674827880753544
5.200000000000004,6.69999999999999,-5.554924661667413
5.2500000000000036,6.69999999999999,-5.438288685099747
5.300000000000004,6.69999999999999,-5.324925358648175
5.350000000000004,6.69999999999999,-5.214819110602877
5.400000000000004,6.69999999999999,-5.107937174988624
5.450000000000004,6.69999999999999,-5.004232869093361
5.5000000000000036,6.69999999999999,-4.903648412407793
5.550000000000004,6.69999999999999,-4.806117335912017
5.600000000000004,6.69999999999999,-4.711566528897823
5.650000000000004,6.69999999999999,-4.619917967653854
5.700000000000005,6.69999999999999,-4.531090166843448
5.750000000000004,6.69999999999999,-4.444999390615075
5.800000000000004,6.69999999999999,-4.361560656642866
5.850000000000004,6.69999999999999,-4.2806885625599955
5.900000000000004,6.69999999999999,-4.2022979607220865
5.950000000000005,6.69999999999999,-4.126304503980004
1.0,6.74999999999999,-3.260455023789461
1.05,6.74999999999999,-3.3099999015341286
1.1,6.74999999999999,-3.360924762905528
1.1500000000000001,6.74999999999999,-3.4132802137132057
1.2000000000000002,6.74999999999999,-3.467118766516311
1.2500000000000002,6.74999999999999,-3.5224948666922313
1.3000000000000003,6.74999999999999,-3.579464908015677
1.3500000000000003,6.74999999999999,-3.6380872351964886
1.4000000000000004,6.74999999999999,-3.698422130360946
1.4500000000000004,6.74999999999999,-3.7605317799221707
1.5000000000000004,6.74999999999999,-3.8244802176593584
1.5500000000000005,6.74999999999999,-3.890333239100877
1.6000000000000005,6.74999999999999,-3.9581582814696064
1.6500000000000006,6.74999999999999,-4.028024262486024
1.7000000000000006,6.74999999999999,-4.100001370220696
1.7500000000000007,6.74999999999999,-4.174160794927861
1.8000000000000007,6.74999999999999,-4.250574392361207
1.8500000000000008,6.74999999999999,-4.329314266458653
1.9000000000000008,6.74999999999999,-4.410452257475067
1.9500000000000008,6.74999999999999,-4.49405931963546
2.000000000000001,6.74999999999999,-4.580204770179837
2.0500000000000007,6.74999999999999,-4.668955389289947
2.100000000000001,6.74999999999999,-4.760374347860309
2.1500000000000012,6.74999999999999,-4.854519937458367
2.200000000000001,6.74999999999999,-4.9514440742011345
2.250000000000001,6.74999999999999,-5.051190545792405
2.300000000000001,6.74999999999999,-5.153792968806908
2.3500000000000014,6.74999999999999,-5.259272421741247
2.4000000000000012,6.74999999999999,-5.367634718733739
2.450000000000001,6.74999999999999,-5.478867289657363
2.5000000000000013,6.74999999999999,-5.592935635117515
2.5500000000000016,6.74999999999999,-5.709779330497245
2.6000000000000014,6.74999999999999,-5.8293075625126
2.6500000000000012,6.74999999999999,-5.951394195861075
2.7000000000000015,6.74999999999999,-6.075872387704243
2.7500000000000018,6.74999999999999,-6.202528795249432
2.8000000000000016,6.74999999999999,-6.331097457897535
2.8500000000000014,6.74999999999999,-6.461253481430554
2.9000000000000017,6.74999999999999,-6.592606708201649
2.950000000000002,6.74999999999999,-6.7246956241324005
3.0000000000000018,6.74999999999999,-6.856981829112646
3.0500000000000016,6.74999999999999,-6.988845478905839
3.100000000000002,6.74999999999999,-7.119582188244568
3.150000000000002,6.74999999999999,-7.2484019578900805
3.200000000000002,6.74999999999999,-7.374430741267991
3.2500000000000018,6.74999999999999,-7.496715284132497
3.300000000000002,6.74999999999999,-7.6142318367624
3.3500000000000023,6.74999999999999,-7.725899235557049
3.400000000000002,6.74999999999999,-7.830596665632595
3.450000000000002,6.74999999999999,-7.927186141174786
3.500000000000002,6.74999999999999,-8.014539380466987
3.5500000000000025,6.74999999999999,-8.091568327804652
3.6000000000000023,6.74999999999999,-8.157258122711461
3.650000000000002,6.74999999999999,-8.210700892157686
3.7000000000000024,6.74999999999999,-8.25112840865555
3.7500000000000027,6.74999999999999,-8.277941481310151
3.8000000000000025,6.74999999999999,-8.290733980178265
3.8500000000000023,6.74999999999999,-8.289309661979502
3.9000000000000026,6.74999999999999,-8.273690456106182
3.950000000000003,6.74999999999999,-8.244115533675858
4.000000000000003,6.74999999999999,-8.201031236260658
4.0500000000000025,6.74999999999999,-8.145072684533917
4.100000000000003,6.74999999999999,-8.077038522047273
4.150000000000003,6.74999999999999,-7.997860698420725
4.200000000000003,6.74999999999999,-7.908571416671823
4.250000000000003,6.74999999999999,-7.8102693578102835
4.3000000000000025,6.74999999999999,-7.7040870838341045
4.350000000000003,6.74999999999999,-7.5911611636786445
4.400000000000003,6.74999999999999,-7.472606131573469
4.450000000000003,6.74999999999999,-7.349492937021878
4.5000000000000036,6.74999999999999,-7.222832131434453
4.550000000000003,6.74999999999999,-7.093561692543549
4.600000000000003,6.74999999999999,-6.962539130863625
4.650000000000003,6.74999999999999,-6.83053735456528
4.700000000000003,6.74999999999999,-6.698243681495812
4.7500000000000036,6.74999999999999,-6.566261364873277
4.800000000000003,6.74999999999999,-6.4351130253196756
4.850000000000003,6.74999999999999,-6.305245439879549
4.900000000000004,6.74999999999999,-6.177035214295809
4.950000000000004,6.74999999999999,-6.050794946967077
5.0000000000000036,6.74999999999999,-5.926779573741206
5.050000000000003,6.74999999999999,-5.805192656892077
5.100000000000003,6.74999999999999,-5.686192446462213
5.150000000000004,6.74999999999999,-5.569897596524845
5.200000000000004,6.74999999999999,-5.456392462891624
5.2500000000000036,6.74999999999999,-5.345731943159508
5.300000000000004,6.74999999999999,-5.237945845933484
5.350000000000004,6.74999999999999,-5.1330427949078805
5.400000000000004,6.74999999999999,-5.031013686554379
5.450000000000004,6.74999999999999,-4.931834728660948
5.5000000000000036,6.74999999999999,-4.83547009195156
5.550000000000004,6.74999999999999,-4.741874209383456
5.600000000000004,6.74999999999999,-4.650993758192994
5.650000000000004,6.74999999999999,-4.56276935891993
5.700000000000005,6.74999999999999,-4.477137023929785
5.750000000000004,6.74999999999999,-4.39402938571253
5.800000000000004,6.74999999999999,-4.313376732712439
5.850000000000004,6.74999999999999,-4.235107877817351
5.900000000000004,6.74999999999999,-4.159150882029933
5.950000000000005,6.74999999999999,-4.085433653341448
1.0,6.79999999999999,-3.239328619051012
1.05,6.79999999999999,-3.287902259161581
1.1,6.79999999999999,-3.3377985859473696
1.1500000000000001,6.79999999999999,-3.3890641856545924
1.2000000000000002,6.79999999999999,-3.4417472360635095
1.2500000000000002,6.79999999999999,-3.49589750683955
1.3000000000000003,6.79999999999999,-3.551566347497154
1.3500000000000003,6.79999999999999,-3.6088066603648015
1.4000000000000004,6.79999999999999,-3.66767285550017
1.4500000000000004,6.79999999999999,-3.7282207839984247
1.5000000000000004,6.79999999999999,-3.7905076455559468
1.5500000000000005,6.79999999999999,-3.8545918654871114
1.6000000000000005,6.79999999999999,-3.920532935633742
1.6500000000000006,6.79999999999999,-3.9883912127457237
1.7000000000000006,6.79999999999999,-4.0582276669377295
1.7500000000000007,6.79999999999999,-4.1301035717324615
1.8000000000000007,6.79999999999999,-4.204080125978261
1.8500000000000008,6.79999999999999,-4.280217996574604
1.9000000000000008,6.79999999999999,-4.358576769453001
1.9500000000000008,6.79999999999999,-4.439214294650523
2.000000000000001,6.79999999999999,-4.522185909594815
2.0500000000000007,6.79999999999999,-4.607543522922888
2.100000000000001,6.79999999999999,-4.695334539328469
2.1500000000000012,6.79999999999999,-4.785600604145545
2.200000000000001,6.79999999999999,-4.878376144731181
2.250000000000001,6.79999999999999,-4.973686684350528
2.300000000000001,6.79999999999999,-5.0715469033834415
2.3500000000000014,6.79999999999999,-5.171958422518648
2.4000000000000012,6.79999999999999,-5.2749072835057875
2.450000000000001,6.79999999999999,-5.380361105411882
2.5000000000000013,6.79999999999999,-5.4882658986878985
2.5500000000000016,6.79999999999999,-5.5985425263076
2.6000000000000014,6.79999999999999,-5.711082811510893
2.6500000000000012,6.79999999999999,-5.825745306070168
2.7000000000000015,6.79999999999999,-5.942350752354731
2.7500000000000018,6.79999999999999,-6.060677297635779
2.8000000000000016,6.79999999999999,-6.180455550775834
2.8500000000000014,6.79999999999999,-6.301363610134349
2.9000000000000017,6.79999999999999,-6.423022237166346
2.950000000000002,6.79999999999999,-6.544990402010998
3.0000000000000018,6.79999999999999,-6.666761483504286
3.0500000000000016,6.79999999999999,-6.7877604632236945
3.100000000000002,6.79999999999999,-6.907342506360065
3.150000000000002,6.79999999999999,-7.024793364439658
3.200000000000002,6.79999999999999,-7.13933205729028
3.2500000000000018,6.79999999999999,-7.250116283735125
3.300000000000002,6.79999999999999,-7.356250961278209
3.3500000000000023,6.79999999999999,-7.4568001944286415
3.400000000000002,6.79999999999999,-7.550802812319776
3.450000000000002,6.79999999999999,-7.637291397656868
3.500000000000002,6.79999999999999,-7.71531445787491
3.5500000000000025,6.79999999999999,-7.783961083171372
3.6000000000000023,6.79999999999999,-7.842387123181789
3.650000000000002,6.79999999999999,-7.889841632127902
3.7000000000000024,6.79999999999999,-7.92569212384867
3.7500000000000027,6.79999999999999,-7.949447083910213
3.8000000000000025,6.79999999999999,-7.96077423657316
3.8500000000000023,6.79999999999999,-7.959513272433881
3.9000000000000026,6.79999999999999,-7.94568209749835
3.950000000000003,6.79999999999999,-7.919476131689698
4.000000000000003,6.79999999999999,-7.8812607101234295
4.0500000000000025,6.79999999999999,-7.831557159199748
4.100000000000003,6.79999999999999,-7.771023568160192
4.150000000000003,6.79999999999999,-7.700431604346099
4.200000000000003,6.79999999999999,-7.620640897000036
4.250000000000003,6.79999999999999,-7.53257253438931
4.3000000000000025,6.79999999999999,-7.437183099083341
4.350000000000003,6.79999999999999,-7.335440439664859
4.400000000000003,6.79999999999999,-7.228302085693547
4.450000000000003,6.79999999999999,-7.116696898419802
4.5000000000000036,6.79999999999999,-7.001510248613231
4.550000000000003,6.79999999999999,-6.883572751178374
4.600000000000003,6.79999999999999,-6.763652379268694
4.650000000000003,6.79999999999999,-6.642449633616528
4.700000000000003,6.79999999999999,-6.5205953531528404
4.7500000000000036,6.79999999999999,-6.398650712897425
4.800000000000003,6.79999999999999,-6.27710895412727
4.850000000000003,6.79999999999999,-6.156398418967587
4.900000000000004,6.79999999999999,-6.036886506623037
4.950000000000004,6.79999999999999,-5.918884222945016
5.0000000000000036,6.79999999999999,-5.80265105233944
5.050000000000003,6.79999999999999,-5.688399936505293
5.100000000000003,6.79999999999999,-5.576302195188427
5.150000000000004,6.79999999999999,-5.466492268422912
5.200000000000004,6.79999999999999,-5.359072197006212
5.2500000000000036,6.79999999999999,-5.254115788301493
5.300000000000004,6.79999999999999,-5.151672438402219
5.350000000000004,6.79999999999999,-5.051770599987719
5.400000000000004,6.79999999999999,-4.954420898694106
5.450000000000004,6.79999999999999,-4.8596189103704726
5.5000000000000036,6.79999999999999,-4.767347617973087
5.550000000000004,6.79999999999999,-4.677579570767123
5.600000000000004,6.79999999999999,-4.59027877054964
5.650000000000004,6.79999999999999,-4.505402310270121
5.700000000000005,6.79999999999999,-4.422901790101801
5.750000000000004,6.79999999999999,-4.342724535019967
5.800000000000004,6.79999999999999,-4.264814636512807
5.850000000000004,6.79999999999999,-4.189113839367408
5.900000000000004,6.79999999999999,-4.115562292671102
5.950000000000005,6.79999999999999,-4.04409918234233
1.0,6.84999999999999,-3.2177743841523077
1.05,6.84999999999999,-3.2653705764138636
1.1,6.84999999999999,-3.3142328436842714
1.1500000000000001,6.84999999999999,-3.3644038989651124
1.2000000000000002,6.84999999999999,-3.415927753789258
1.2500000000000002,6.84999999999999,-3.468849696037419
1.3000000000000003,6.84999999999999,-3.523216253916236
1.3500000000000003,6.84999999999999,-3.5790751434862167
1.4000000000000004,6.84999999999999,-3.636475196718928
1.4500000000000004,6.84999999999999,-3.6954662665972866
1.5000000000000004,6.84999999999999,-3.7560991052443544
1.5500000000000005,6.84999999999999,-3.818425210468406
1.6000000000000005,6.84999999999999,-3.8824966354391033
1.6500000000000006,6.84999999999999,-3.948365755455629
1.7000000000000006,6.84999999999999,-4.0160849849278595
1.7500000000000007,6.84999999999999,-4.085706436762918
1.8000000000000007,6.84999999999999,-4.15728151533118
1.8500000000000008,6.84999999999999,-4.230860433080984
1.9000000000000008,6.84999999999999,-4.306491639688412
1.9500000000000008,6.84999999999999,-4.384221151382979
2.000000000000001,6.84999999999999,-4.46409176680778
2.0500000000000007,6.84999999999999,-4.546142154491961
2.100000000000001,6.84999999999999,-4.630405795790205
2.1500000000000012,6.84999999999999,-4.71690976605607
2.200000000000001,6.84999999999999,-4.805673335968738
2.250000000000001,6.84999999999999,-4.896706374465595
2.300000000000001,6.84999999999999,-4.990007534827265
2.3500000000000014,6.84999999999999,-5.085562206346923
2.4000000000000012,6.84999999999999,-5.183340215978635
2.450000000000001,6.84999999999999,-5.283293267748182
2.5000000000000013,6.84999999999999,-5.385352112938319
2.5500000000000016,6.84999999999999,-5.489423451605296
2.6000000000000014,6.84999999999999,-5.595386576373698
2.6500000000000012,6.84999999999999,-5.703089783250875
2.7000000000000015,6.84999999999999,-5.812346591947564
2.7500000000000018,6.84999999999999,-5.922931840360381
2.8000000000000016,6.84999999999999,-6.034577744770057
2.8500000000000014,6.84999999999999,-6.146970048948406
2.9000000000000017,6.84999999999999,-6.259744421305077
2.950000000000002,6.84999999999999,-6.372483298353364
3.0000000000000018,6.84999999999999,-6.484713413188144
3.0500000000000016,6.84999999999999,-6.595904286347519
3.100000000000002,6.84999999999999,-6.705467989168401
3.150000000000002,6.84999999999999,-6.812760511104373
3.200000000000002,6.84999999999999,-6.917085065935896
3.2500000000000018,6.84999999999999,-7.0176976502147905
3.300000000000002,6.84999999999999,-7.113815113641563
3.3500000000000023,6.84999999999999,-7.204625909677462
3.400000000000002,6.84999999999999,-7.289303562634131
3.450000000000002,6.84999999999999,-7.367022716275259
3.500000000000002,6.84999999999999,-7.436977426023274
3.5500000000000025,6.84999999999999,-7.498401136418371
3.6000000000000023,6.84999999999999,-7.550587568435506
3.650000000000002,6.84999999999999,-7.592911553654903
3.7000000000000024,6.84999999999999,-7.624848722119331
3.7500000000000027,6.84999999999999,-7.645992903551813
3.8000000000000025,6.84999999999999,-7.656070155491712
3.8500000000000023,6.84999999999999,-7.654948492803681
3.9000000000000026,6.84999999999999,-7.64264265198157
3.950000000000003,6.84999999999999,-7.61931355673692
4.000000000000003,6.84999999999999,-7.585262522510532
4.0500000000000025,6.84999999999999,-7.5409206043643495
4.100000000000003,6.84999999999999,-7.48683381352158
4.150000000000003,6.84999999999999,-7.423645168636485
4.200000000000003,6.84999999999999,-7.352074687586459
4.250000000000003,6.84999999999999,-7.272898458335421
4.3000000000000025,6.84999999999999,-7.186927861901249
4.350000000000003,6.84999999999999,-7.09498987661319
4.400000000000003,6.84999999999999,-6.997909197113955
4.450000000000003,6.84999999999999,-6.896492681884983
4.5000000000000036,6.84999999999999,-6.791516424657138
4.550000000000003,6.84999999999999,-6.683715547559926
4.600000000000003,6.84999999999999,-6.573776650097544
4.650000000000003,6.84999999999999,-6.462332724157344
4.700000000000003,6.84999999999999,-6.349960261755552
4.7500000000000036,6.84999999999999,-6.237178235510006
4.800000000000003,6.84999999999999,-6.124448615831126
4.850000000000003,6.84999999999999,-6.012178096424034
4.900000000000004,6.84999999999999,-5.900720723820245
4.950000000000004,6.84999999999999,-5.790381160980456
5.0000000000000036,6.84999999999999,-5.681418354331891
5.050000000000003,6.84999999999999,-5.574049413968215
5.100000000000003,6.84999999999999,-5.4684535553710845
5.150000000000004,6.84999999999999,-5.364775986154287
5.200000000000004,6.84999999999999,-5.2631316520405775
5.2500000000000036,6.84999999999999,-5.16360878222118
5.300000000000004,6.84999999999999,-5.066272195500948
5.350000000000004,6.84999999999999,-4.9711663455459485
5.400000000000004,6.84999999999999,-4.878318096618674
5.450000000000004,6.84999999999999,-4.787739230963229
5.5000000000000036,6.84999999999999,-4.699428696043341
5.550000000000004,6.84999999999999,-4.613374604660539
5.600000000000004,6.84999999999999,-4.5295560040523055
5.650000000000004,6.84999999999999,-4.4479444317915995
5.700000000000005,6.84999999999999,-4.36850527701513
5.750000000000004,6.84999999999999,-4.291198965472994
5.800000000000004,6.84999999999999,-4.215981986336029
5.850000000000004,6.84999999999999,-4.142807777791967
5.900000000000004,6.84999999999999,-4.071627487338958
5.950000000000005,6.84999999999999,-4.00239062144504
1.0,6.89999999999999,-3.1958284490725557
1.05,6.89999999999999,-3.242443289765193
1.1,6.89999999999999,-3.2902684347077344
1.1500000000000001,6.89999999999999,-3.3393428792777575
1.2000000000000002,6.89999999999999,-3.3897066467084236
1.2500000000000002,6.89999999999999,-3.4414007464213503
1.3000000000000003,6.89999999999999,-3.4944671174748665
1.3500000000000003,6.89999999999999,-3.5489485545655697
1.4000000000000004,6.89999999999999,-3.6048886136475393
1.4500000000000004,6.89999999999999,-3.6623314938128857
1.5000000000000004,6.89999999999999,-3.7213218916054136
1.5500000000000005,6.89999999999999,-3.7819048234121606
1.6000000000000005,6.89999999999999,-3.844125410992229
1.6500000000000006,6.89999999999999,-3.9080286245561697
1.7000000000000006,6.89999999999999,-3.9736589771014237
1.7500000000000007,6.89999999999999,-4.04106016294101
1.8000000000000007,6.89999999999999,-4.110274632538132
1.8500000000000008,6.89999999999999,-4.181343094886959
1.9000000000000008,6.89999999999999,-4.254303937773549
1.9500000000000008,6.89999999999999,-4.329192555332103
2.000000000000001,6.89999999999999,-4.406040571411629
2.0500000000000007,6.89999999999999,-4.484874946430048
2.100000000000001,6.89999999999999,-4.565716954675928
2.1500000000000012,6.89999999999999,-4.64858101850076
2.200000000000001,6.89999999999999,-4.733473385629013
2.250000000000001,6.89999999999999,-4.8203906360291855
2.300000000000001,6.89999999999999,-4.909318005599633
2.3500000000000014,6.89999999999999,-5.0002275155280715
2.4000000000000012,6.89999999999999,-5.093075898823681
2.450000000000001,6.89999999999999,-5.187802319477793
2.5000000000000013,6.89999999999999,-5.284325885304902
2.5500000000000016,6.89999999999999,-5.38254296310395
2.6000000000000014,6.89999999999999,-5.482324314731416
2.6500000000000012,6.89999999999999,-5.583512085354689
2.7000000000000015,6.89999999999999,-5.685916690870123
2.7500000000000018,6.89999999999999,-5.789313670433533
2.8000000000000016,6.89999999999999,-5.893440592287924
2.8500000000000014,6.89999999999999,-5.997994126330886
2.9000000000000017,6.89999999999999,-6.1026274244930665
2.950000000000002,6.89999999999999,-6.206947978826064
3.0000000000000018,6.89999999999999,-6.310516155398199
3.0500000000000016,6.89999999999999,-6.412844627093552
3.100000000000002,6.89999999999999,-6.513398946831059
3.150000000000002,6.89999999999999,-6.611599510456733
3.200000000000002,6.89999999999999,-6.706825150972548
3.2500000000000018,6.89999999999999,-6.798418578079236
3.300000000000002,6.89999999999999,-6.88569382494769
3.3500000000000023,6.89999999999999,-6.96794578474084
3.400000000000002,6.89999999999999,-7.044461812038599
3.450000000000002,6.89999999999999,-7.1145352316261405
3.500000000000002,6.89999999999999,-7.177480445838924
3.5500000000000025,6.89999999999999,-7.232649172991952
3.6000000000000023,6.89999999999999,-7.279447198571923
3.650000000000002,6.89999999999999,-7.317350895804189
3.7000000000000024,6.89999999999999,-7.345922691425153
3.7500000000000027,6.89999999999999,-7.364824632132142
3.8000000000000025,6.89999999999999,-7.373829257895213
3.8500000000000023,6.89999999999999,-7.37282711258432
3.9000000000000026,6.89999999999999,-7.361830412988093
3.950000000000003,6.89999999999999,-7.340972637540291
4.000000000000003,6.89999999999999,-7.310504061660799
4.0500000000000025,6.89999999999999,-7.270783529331041
4.100000000000003,6.89999999999999,-7.222266982583506
4.150000000000003,6.89999999999999,-7.165493448988309
4.200000000000003,6.89999999999999,-7.101069297034112
4.250000000000003,6.89999999999999,-7.029651605307655
4.3000000000000025,6.89999999999999,-6.951931457862047
4.350000000000003,6.89999999999999,-6.8686178871135075
4.400000000000003,6.89999999999999,-6.780423053881529
4.450000000000003,6.89999999999999,-6.688049100399644
4.5000000000000036,6.89999999999999,-6.592176953837338
4.550000000000003,6.89999999999999,-6.493457209569005
4.600000000000003,6.89999999999999,-6.392503095397805
4.650000000000003,6.89999999999999,-6.289885416075118
4.700000000000003,6.89999999999999,-6.186129303669711
4.7500000000000036,6.89999999999999,-6.0817125524457
4.800000000000003,6.89999999999999,-5.9770652936104
4.850000000000003,6.89999999999999,-5.872570761153638
4.900000000000004,6.89999999999999,-5.768566910232286
4.950000000000004,6.89999999999999,-5.665348669597183
5.0000000000000036,6.89999999999999,-5.56317063544162
5.050000000000003,6.89999999999999,-5.462250042557026
5.100000000000003,6.89999999999999,-5.36276987739221
5.150000000000004,6.89999999999999,-5.26488202484243
5.200000000000004,6.89999999999999,-5.168710365285629
5.2500000000000036,6.89999999999999,-5.074353759975089
5.300000000000004,6.89999999999999,-4.981888881202524
5.350000000000004,6.89999999999999,-4.89137285873269
5.400000000000004,6.89999999999999,-4.802845726115144
5.450000000000004,6.89999999999999,-4.716332659927981
5.5000000000000036,6.89999999999999,-4.631846012168647
5.550000000000004,6.89999999999999,-4.549387141247555
5.600000000000004,6.89999999999999,-4.468948050709299
5.650000000000004,6.89999999999999,-4.390512847218107
5.700000000000005,6.89999999999999,-4.3140590307724676
5.750000000000004,6.89999999999999,-4.239558630790743
5.800000000000004,6.89999999999999,-4.166979201827315
5.850000000000004,6.89999999999999,-4.096284692393421
5.900000000000004,6.89999999999999,-4.0274361997922234
5.950000000000005,6.89999999999999,-3.960392623131063
1.0,6.9499999999999895,-3.1735261655077074
1.05,6.9499999999999895,-3.21915793427687
1.1,6.9499999999999895,-3.2659452166058154
1.1500000000000001,6.9499999999999895,-3.3139234530524453
1.2000000000000002,6.9499999999999895,-3.3631288635344743
1.2500000000000002,6.9499999999999895,-3.4135983890691914
1.3000000000000003,6.9499999999999895,-3.4653696179443063
1.3500000000000003,6.9499999999999895,-3.518480693847767
1.4000000000000004,6.9499999999999895,-3.57297020314909
1.4500000000000004,6.9499999999999895,-3.628877038151346
1.5000000000000004,6.9499999999999895,-3.6862402327194004
1.5500000000000005,6.9499999999999895,-3.745098766234323
1.6000000000000005,6.9499999999999895,-3.8054913313253627
1.6500000000000006,6.9499999999999895,-3.867456060289718
1.7000000000000006,6.9499999999999895,-3.931030204528704
1.7500000000000007,6.9499999999999895,-3.996249760711325
1.8000000000000007,6.9499999999999895,-4.063149036730445
1.8500000000000008,6.9499999999999895,-4.131760149854892
1.9000000000000008,6.9499999999999895,-4.202112448820477
1.9500000000000008,6.9499999999999895,-4.274231850968867
2.000000000000001,6.9499999999999895,-4.348140084969436
2.0500000000000007,6.9499999999999895,-4.423853829190321
2.100000000000001,6.9499999999999895,-4.501383735479732
2.1500000000000012,6.9499999999999895,-4.580733328051819
2.200000000000001,6.9499999999999895,-4.661897767437524
2.250000000000001,6.9499999999999895,-4.744862470175862
2.300000000000001,6.9499999999999895,-4.829601576226384
2.3500000000000014,6.9499999999999895,-4.916076258146576
2.4000000000000012,6.9499999999999895,-5.004232869093376
2.450000000000001,6.9499999999999895,-5.094000930895767
2.5000000000000013,6.9499999999999895,-5.185290969045164
2.5500000000000016,6.9499999999999895,-5.277992208712212
2.6000000000000014,6.9499999999999895,-5.371970155065298
2.6500000000000012,6.9499999999999895,-5.4670640924490845
2.7000000000000015,6.9499999999999895,-5.563084550524309
2.7500000000000018,6.9499999999999895,-5.659810801301783
2.8000000000000016,6.9499999999999895,-5.7569884689777195
2.8500000000000014,6.9499999999999895,-5.854327354200711
2.9000000000000017,6.9499999999999895,-5.951499595152829
2.950000000000002,6.9499999999999895,-6.048138308480626
3.0000000000000018,6.9499999999999895,-6.1438368720628445
3.0500000000000016,6.9499999999999895,-6.238149026731793
3.100000000000002,6.9499999999999895,-6.330589982756461
3.150000000000002,6.9499999999999895,-6.420638716124917
3.200000000000002,6.9499999999999895,-6.507741626209982
3.2500000000000018,6.9499999999999895,-6.591317697179311
3.300000000000002,6.9499999999999895,-6.670765258037181
3.3500000000000023,6.9499999999999895,-6.745470369164788
3.400000000000002,6.9499999999999895,-6.8148167771832355
3.450000000000002,6.9499999999999895,-6.878197277828258
3.500000000000002,6.9499999999999895,-6.935026214029113
3.5500000000000025,6.9499999999999895,-6.984752722107894
3.6000000000000023,6.9499999999999895,-7.026874233953265
3.650000000000002,6.9499999999999895,-7.060949659574703
3.7000000000000024,6.9499999999999895,-7.08661162487822
3.7500000000000027,6.9499999999999895,-7.103577134061822
3.8000000000000025,6.9499999999999895,-7.111656070978327
3.8500000000000023,6.9499999999999895,-7.110757049874152
3.9000000000000026,6.9499999999999895,-7.100890267437716
3.950000000000003,6.9499999999999895,-7.0821671832979805
4.000000000000003,6.9499999999999895,-7.0547970484401645
4.0500000000000025,6.9499999999999895,-7.019080491391721
4.100000000000003,6.9499999999999895,-6.9754005417020775
4.150000000000003,6.9499999999999895,-6.924211603430777
4.200000000000003,6.9499999999999895,-6.86602697744148
4.250000000000003,6.9499999999999895,-6.801405565917512
4.3000000000000025,6.9499999999999895,-6.730938377592345
4.350000000000003,6.9499999999999895,-6.655235394933994
4.400000000000003,6.9499999999999895,-6.574913275739967
4.450000000000003,6.9499999999999895,-6.490584253728256
4.5000000000000036,6.9499999999999895,-6.402846487976486
4.550000000000003,6.9499999999999895,-6.312276000038834
4.600000000000003,6.9499999999999895,-6.219420238288219
4.650000000000003,6.9499999999999895,-6.124793226643039
4.700000000000003,6.9499999999999895,-6.028872191751921
4.7500000000000036,6.9499999999999895,-5.932095519037002
4.800000000000003,6.9499999999999895,-5.834861862152923
4.850000000000003,6.9499999999999895,-5.737530219758851
4.900000000000004,6.9499999999999895,-5.640420794878054
4.950000000000004,6.9499999999999895,-5.543816462329461
5.0000000000000036,6.9499999999999895,-5.447964685804179
5.050000000000003,6.9499999999999895,-5.353079745604338
5.100000000000003,6.9499999999999895,-5.259345158846834
5.150000000000004,6.9499999999999895,-5.166916194557024
5.200000000000004,6.9499999999999895,-5.0759224054968035
5.2500000000000036,6.9499999999999895,-4.986470116139595
5.300000000000004,6.9499999999999895,-4.898644821583885
5.350000000000004,6.9499999999999895,-4.812513465281131
5.400000000000004,6.9499999999999895,-4.7281265742992735
5.450000000000004,6.9499999999999895,-4.645520239610582
5.5000000000000036,6.9499999999999895,-4.564717935801936
5.550000000000004,6.9499999999999895,-4.485732179903231
5.600000000000004,6.9499999999999895,-4.408566032964237
5.650000000000004,6.9499999999999895,-4.33321445081832
5.700000000000005,6.9499999999999895,-4.259665492368223
5.750000000000004,6.9499999999999895,-4.187901394903758
5.800000000000004,6.9499999999999895,-4.117899526576102
5.850000000000004,6.9499999999999895,-4.049633226344322
5.900000000000004,6.9499999999999895,-3.983072541588486
5.950000000000005,6.9499999999999895,-3.9181848732403295
1.0,6.999999999999989,-3.1509020124232796
1.05,6.999999999999989,-3.1955510450515416
1.1,6.999999999999989,-3.2413019035839192
1.1500000000000001,6.999999999999989,-3.288186641764885
1.2000000000000002,6.999999999999989,-3.336237866007768
1.2500000000000002,6.999999999999989,-3.385488663250297
1.3000000000000003,6.999999999999989,-3.4359725128752068
1.3500000000000003,6.999999999999989,-3.4877231803453945
1.4000000000000004,6.999999999999989,-3.540774589907185
1.4500000000000004,6.999999999999989,-3.59516067338989
1.5000000000000004,6.999999999999989,-3.6509151917742777
1.5500000000000005,6.999999999999989,-3.7080715258167785
1.6000000000000005,6.999999999999989,-3.766662431601225
1.6500000000000006,6.999999999999989,-3.8267197564481243
1.7000000000000006,6.999999999999989,-3.8882741101472815
1.7500000000000007,6.999999999999989,-3.9513544859999294
1.8000000000000007,6.999999999999989,-4.015987825671529
1.8500000000000008,6.999999999999989,-4.082198521380657
1.9000000000000008,6.999999999999989,-4.150007848502277
1.9500000000000008,6.999999999999989,-4.219433321271692
2.000000000000001,6.999999999999989,-4.290487963972708
2.0500000000000007,6.999999999999989,-4.363179489823842
2.100000000000001,6.999999999999989,-4.4375093797953795
2.1500000000000012,6.999999999999989,-4.513471853866042
2.200000000000001,6.999999999999989,-4.591052727845176
2.250000000000001,6.999999999999989,-4.670228149944773
2.300000000000001,6.999999999999989,-4.750963212903695
2.3500000000000014,6.999999999999989,-4.8332104397798545
2.4000000000000012,6.999999999999989,-4.916908144686992
2.450000000000001,6.999999999999989,-5.001978673925733
2.5000000000000013,6.999999999999989,-5.088326538314266
2.5500000000000016,6.999999999999989,-5.175836454227886
2.6000000000000014,6.999999999999989,-5.264371319052698
2.6500000000000012,6.999999999999989,-5.353770156547447
2.7000000000000015,6.999999999999989,-5.443846079015138
2.7500000000000018,6.999999999999989,-5.534384326127546
2.8000000000000016,6.999999999999989,-5.6251404544792605
2.8500000000000014,6.999999999999989,-5.71583876702432
2.9000000000000017,6.999999999999989,-5.806171086760321
2.950000000000002,6.999999999999989,-5.89579599335914
3.0000000000000018,6.999999999999989,-5.984338653551687
3.0500000000000016,6.999999999999989,-6.071391384270265
3.100000000000002,6.999999999999989,-6.156515089855695
3.150000000000002,6.999999999999989,-6.239241708876579
3.200000000000002,6.999999999999989,-6.319077790105396
3.2500000000000018,6.999999999999989,-6.395509289025823
3.300000000000002,6.999999999999989,-6.468007634579971
3.3500000000000023,6.999999999999989,-6.53603706036807
3.400000000000002,6.999999999999989,-6.599063126242454
3.450000000000002,6.999999999999989,-6.656562277972378
3.500000000000002,6.999999999999989,-6.708032209072895
3.5500000000000025,6.999999999999989,-6.753002706485088
3.6000000000000023,6.999999999999989,-6.791046588477414
3.650000000000002,6.999999999999989,-6.821790287479608
3.7000000000000024,6.999999999999989,-6.844923600729503
3.7500000000000027,6.999999999999989,-6.860208134133849
3.8000000000000025,6.999999999999989,-6.867484003282587
3.8500000000000023,6.999999999999989,-6.8666744299806215
3.9000000000000026,6.999999999999989,-6.857787978608551
3.950000000000003,6.999999999999989,-6.840918305731241
4.000000000000003,6.999999999999989,-6.816241437196694
4.0500000000000025,6.999999999999989,-6.784010726465134
4.100000000000003,6.999999999999989,-6.7445497732187745
4.150000000000003,6.999999999999989,-6.698243681495827
4.200000000000003,6.999999999999989,-6.645529104052022
4.250000000000003,6.999999999999989,-6.586883550866811
4.3000000000000025,6.999999999999989,-6.522814435360951
4.350000000000003,6.999999999999989,-6.453848296302685
4.400000000000003,6.999999999999989,-6.380520573506118
4.450000000000003,6.999999999999989,-6.3033662396118295
4.5000000000000036,6.999999999999989,-6.2229115070022605
4.550000000000003,6.999999999999989,-6.139666745919574
4.600000000000003,6.999999999999989,-6.054120673274629
4.650000000000003,6.999999999999989,-5.966735805756552
4.700000000000003,6.999999999999989,-5.877945118087694
4.7500000000000036,6.999999999999989,-5.788149808366737
4.800000000000003,6.999999999999989,-5.697718046836664
4.850000000000003,6.999999999999989,-5.606984570626798
4.900000000000004,6.999999999999989,-5.516250983048435
4.950000000000004,6.999999999999989,-5.425786619675255
5.0000000000000036,6.999999999999989,-5.335829852568428
5.050000000000003,6.999999999999989,-5.246589716684172
5.100000000000003,6.999999999999989,-5.158247757108131
5.150000000000004,6.999999999999989,-5.070960011016429
5.200000000000004,6.999999999999989,-4.9848590532186385
5.2500000000000036,6.999999999999989,-4.900056048141648
5.300000000000004,6.999999999999989,-4.816642763761642
5.350000000000004,6.999999999999989,-4.734693514078028
5.400000000000004,6.999999999999989,-4.654267006188199
5.450000000000004,6.999999999999989,-4.5754080759099995
5.5000000000000036,6.999999999999989,-4.49814930232035
5.550000000000004,6.999999999999989,-4.422512496684136
5.600000000000004,6.999999999999989,-4.348510065204463
5.650000000000004,6.999999999999989,-4.2761462480039105
5.700000000000005,6.999999999999989,-4.2054182389090675
5.750000000000004,6.999999999999989,-4.136317192106443
5.800000000000004,6.999999999999989,-4.068829122699118
5.850000000000004,6.999999999999989,-4.0029357087349355
5.900000000000004,6.999999999999989,-3.93861500249539
5.950000000000005,6.999999999999989,-3.8758420588105755
1.0,7.049999999999989,-3.127989513879663
1.05,7.049999999999989,-3.17165807241776
1.1,7.049999999999989,-3.2163759794350377
1.1500000000000001,7.049999999999989,-3.262172073239313
1.2000000000000002,7.049999999999989,-3.3090755393513263
1.2500000000000002,7.049999999999989,-3.357115826988269
1.3000000000000003,7.049999999999989,-3.4063225495217626
1.3500000000000003,7.049999999999989,-3.4567253667049878
1.4000000000000004,7.049999999999989,-3.5083538462071218
1.4500000000000004,7.049999999999989,-3.5612373017150163
1.5000000000000004,7.049999999999989,-3.6154046045626895
1.5500000000000005,7.049999999999989,-3.67088396552991
1.6000000000000005,7.049999999999989,-3.7277026831145395
1.6500000000000006,7.049999999999989,-3.7858868542332758
1.7000000000000006,7.049999999999989,-3.845461042948063
1.7500000000000007,7.049999999999989,-3.906447902459156
1.8000000000000007,7.049999999999989,-3.968867745262304
1.8500000000000008,7.049999999999989,-4.032738056052364
1.9000000000000008,7.049999999999989,-4.098072941689158
1.9500000000000008,7.049999999999989,-4.164882512349749
2.000000000000001,7.049999999999989,-4.233172187907613
2.0500000000000007,7.049999999999989,-4.3029419236445205
2.100000000000001,7.049999999999989,-4.374185349665748
2.1500000000000012,7.049999999999989,-4.446888818914358
2.200000000000001,7.049999999999989,-4.521030359537942
2.250000000000001,7.049999999999989,-4.596578528635267
2.300000000000001,7.049999999999989,-4.67349116619684
2.3500000000000014,7.049999999999989,-4.751714050458507
2.4000000000000012,7.049999999999989,-4.8311794590257
2.450000000000001,7.049999999999989,-4.91180464411526
2.5000000000000013,7.049999999999989,-4.993490235216419
2.5500000000000016,7.049999999999989,-5.076118588491688
2.6000000000000014,7.049999999999989,-5.159552109393191
2.6500000000000012,7.049999999999989,-5.243631583282616
2.7000000000000015,7.049999999999989,-5.3281745582637
2.7500000000000018,7.049999999999989,-5.412973834814538
2.8000000000000016,7.049999999999989,-5.497796127858766
2.8500000000000014,7.049999999999989,-5.582380978189406
2.9000000000000017,7.049999999999989,-5.666440001008044
2.950000000000002,7.049999999999989,-5.749656568895725
3.0000000000000018,7.049999999999989,-5.831686033692863
3.0500000000000016,7.049999999999989,-5.9121565952259125
3.100000000000002,7.049999999999989,-5.990670923113711
3.150000000000002,7.049999999999989,-6.066808629492507
3.200000000000002,7.049999999999989,-6.140129673981987
3.2500000000000018,7.049999999999989,-6.2101787564325885
3.300000000000002,7.049999999999989,-6.276490717338206
3.3500000000000023,7.049999999999989,-6.338596920455515
3.400000000000002,7.049999999999989,-6.396032538370465
3.450000000000002,7.049999999999989,-6.4483446019422015
3.500000000000002,7.049999999999989,-6.495100612456614
3.5500000000000025,7.049999999999989,-6.535897455806832
3.6000000000000023,7.049999999999989,-6.570370306768511
3.650000000000002,7.049999999999989,-6.598201174390467
3.7000000000000024,7.049999999999989,-6.61912672213719
3.7500000000000027,7.049999999999989,-6.632945002869261
3.8000000000000025,7.049999999999989,-6.639520781146045
3.8500000000000023,7.049999999999989,-6.638789173180319
3.9000000000000026,7.049999999999989,-6.630757414723009
3.950000000000003,7.049999999999989,-6.615504663222169
4.000000000000003,7.049999999999989,-6.593179844785536
4.0500000000000025,7.049999999999989,-6.563997659743101
4.100000000000003,7.049999999999989,-6.5282329540363655
4.150000000000003,7.049999999999989,-6.486213739589537
4.200000000000003,7.049999999999989,-6.438313199750451
4.250000000000003,7.049999999999989,-6.384941043048327
4.3000000000000025,7.049999999999989,-6.3265345699533455
4.350000000000003,7.049999999999989,-6.263549795619721
4.400000000000003,7.049999999999989,-6.196452931242554
4.450000000000003,7.049999999999989,-6.125712473279784
4.5000000000000036,7.049999999999989,-6.051792089323694
4.550000000000003,7.049999999999989,-5.9751444274096235
4.600000000000003,7.049999999999989,-5.89620591668361
4.650000000000003,7.049999999999989,-5.815392575086518
4.700000000000003,7.049999999999989,-5.733096796244784
4.7500000000000036,7.049999999999989,-5.649685054090854
4.800000000000003,7.049999999999989,-5.565496439876947
4.850000000000003,7.049999999999989,-5.4808419314576176
4.900000000000004,7.049999999999989,-5.396004287780692
4.950000000000004,7.049999999999989,-5.311238460976204
5.0000000000000036,7.049999999999989,-5.226772422746696
5.050000000000003,7.049999999999989,-5.142808309500225
5.100000000000003,7.049999999999989,-5.059523800560665
5.150000000000004,7.049999999999989,-4.977073654786211
5.200000000000004,7.049999999999989,-4.895591342202332
5.2500000000000036,7.049999999999989,-4.815190718202706
5.300000000000004,7.049999999999989,-4.735967698076488
5.350000000000004,7.049999999999989,-4.6580018988277905
5.400000000000004,7.049999999999989,-4.5813582233355605
5.450000000000004,7.049999999999989,-4.506088368826081
5.5000000000000036,7.049999999999989,-4.4322322474297575
5.550000000000004,7.049999999999989,-4.359819311346792
5.600000000000004,7.049999999999989,-4.288869778956151
5.650000000000004,7.049999999999989,-4.219395761184644
5.700000000000005,7.049999999999989,-4.151402289725364
5.750000000000004,7.049999999999989,-4.084888250370616
5.800000000000004,7.049999999999989,-4.019847225907933
5.850000000000004,7.049999999999989,-3.956268253812576
5.900000000000004,7.049999999999989,-3.8941365044376024
5.950000000000005,7.049999999999989,-3.8334338856229166
1.0,7.099999999999989,-3.1048211687796994
1.05,7.099999999999989,-3.1475133103784025
1.1,7.099999999999989,-3.1912036252517013
1.1500000000000001,7.099999999999989,-3.2359179093463313
1.2000000000000002,7.099999999999989,-3.2816821208690556
1.2500000000000002,7.099999999999989,-3.3285222877044056
1.3000000000000003,7.099999999999989,-3.376464398950401
1.3500000000000003,7.099999999999989,-3.425534278528599
1.4000000000000004,7.099999999999989,-3.4757574386065597
1.4500000000000004,7.099999999999989,-3.527158910337889
1.5000000000000004,7.099999999999989,-3.5797630491786556
1.5500000000000005,7.099999999999989,-3.6335933117817176
1.6000000000000005,7.099999999999989,-3.6886720012058163
1.6500000000000006,7.099999999999989,-3.74501997690925
1.7000000000000006,7.099999999999989,-3.802656325735638
1.7500000000000007,7.099999999999989,-3.8615979898510258
1.8000000000000007,7.099999999999989,-3.92185934736972
1.8500000000000008,7.099999999999989,-3.9834517412265913
1.9000000000000008,7.099999999999989,-4.046382951736237
1.9500000000000008,7.099999999999989,-4.110656608249241
2.000000000000001,7.099999999999989,-4.176271535403765
2.0500000000000007,7.099999999999989,-4.2432210297138635
2.100000000000001,7.099999999999989,-4.311492062679002
2.1500000000000012,7.099999999999989,-4.381064407294362
2.200000000000001,7.099999999999989,-4.451909685849154
2.250000000000001,7.099999999999989,-4.52399033828848
2.300000000000001,7.099999999999989,-4.5972585122586365
2.3500000000000014,7.099999999999989,-4.671654878336385
2.4000000000000012,7.099999999999989,-4.747107376942311
2.450000000000001,7.099999999999989,-4.823529907136265
2.5000000000000013,7.099999999999989,-4.900820971958927
2.5500000000000016,7.099999999999989,-4.978862300267927
2.6000000000000014,7.099999999999989,-5.057517471138327
2.6500000000000012,7.099999999999989,-5.1366305738261495
2.7000000000000015,7.099999999999989,-5.21602494393553
2.7500000000000018,7.099999999999989,-5.295502024602459
2.8000000000000016,7.099999999999989,-5.374840409920436
2.8500000000000014,7.099999999999989,-5.4537951360644605
2.9000000000000017,7.099999999999989,-5.532097293052278
2.950000000000002,7.099999999999989,-5.609454036093418
3.0000000000000018,7.099999999999989,-5.685549079146671
3.0500000000000016,7.099999999999989,-5.760043753642886
3.100000000000002,7.099999999999989,-5.832578711271258
3.150000000000002,7.099999999999989,-5.902776340228776
3.200000000000002,7.099999999999989,-5.970243948483062
3.2500000000000018,7.099999999999989,-6.034577744770065
3.300000000000002,7.099999999999989,-6.095367618062132
3.3500000000000023,7.099999999999989,-6.152202679542846
3.400000000000002,7.099999999999989,-6.2046774889233784
3.450000000000002,7.099999999999989,-6.252398841296612
3.500000000000002,7.099999999999989,-6.294992944563314
3.5500000000000025,7.099999999999989,-6.332112774411075
3.6000000000000023,7.099999999999989,-6.363445357961375
3.650000000000002,7.099999999999989,-6.38871871264663
3.7000000000000024,7.099999999999989,-6.407708157303203
3.7500000000000027,7.099999999999989,-6.420241720539113
3.8000000000000025,7.099999999999989,-6.426204398348652
3.8500000000000023,7.099999999999989,-6.425541058075673
3.9000000000000026,7.099999999999989,-6.418257846620008
3.950000000000003,7.099999999999989,-6.404422032918186
4.000000000000003,7.099999999999989,-6.384160292558976
4.0500000000000025,7.099999999999989,-6.357655519580623
4.100000000000003,7.099999999999989,-6.325142320782251
4.150000000000003,7.099999999999989,-6.286901405835659
4.200000000000003,7.099999999999989,-6.243253128113064
4.250000000000003,7.099999999999989,-6.194550454280375
4.3000000000000025,7.099999999999989,-6.1411716450997345
4.350000000000003,7.099999999999989,-6.0835129170606494
4.400000000000003,7.099999999999989,-6.021981327327505
4.450000000000003,7.099999999999989,-5.956988086852949
4.5000000000000036,7.099999999999989,-5.888942462514356
4.550000000000003,7.099999999999989,-5.818246382802751
4.600000000000003,7.099999999999989,-5.745289816435446
4.650000000000003,7.099999999999989,-5.67044695202531
4.700000000000003,7.099999999999989,-5.594073171512378
4.7500000000000036,7.099999999999989,-5.516502781495872
4.800000000000003,7.099999999999989,-5.438047445202814
4.850000000000003,7.099999999999989,-5.358995243311973
4.900000000000004,7.099999999999989,-5.27961028352033
4.950000000000004,7.099999999999989,-5.20013277564524
5.0000000000000036,7.099999999999989,-5.120779490142092
5.050000000000003,7.099999999999989,-5.041744522131806
5.100000000000003,7.099999999999989,-4.963200289403423
5.150000000000004,7.099999999999989,-4.885298700542016
5.200000000000004,7.099999999999989,-4.808172437640154
5.2500000000000036,7.099999999999989,-4.731936306444574
5.300000000000004,7.099999999999989,-4.656688614875676
5.350000000000004,7.099999999999989,-4.582512548368011
5.400000000000004,7.099999999999989,-4.509477517252664
5.450000000000004,7.099999999999989,-4.437640457356915
5.5000000000000036,7.099999999999989,-4.367047070114524
5.550000000000004,7.099999999999989,-4.297732992787714
5.600000000000004,7.099999999999989,-4.229724892954032
5.650000000000004,7.099999999999989,-4.163041484280559
5.700000000000005,7.099999999999989,-4.097694462874749
5.750000000000004,7.099999999999989,-4.033689365247984
5.800000000000004,7.099999999999989,-3.9710263502343275
5.850000000000004,7.099999999999989,-3.90970090814686
5.900000000000004,7.099999999999989,-3.849704501094111
5.950000000000005,7.099999999999989,-3.79102513877828
1.0,7.149999999999989,-3.081428392084293
1.05,7.149999999999989,-3.1231498377455758
1.1,7.149999999999989,-3.1658196611546834
1.1500000000000001,7.149999999999989,-3.209460789164665
1.2000000000000002,7.149999999999989,-3.254096145575499
1.2500000000000002,7.149999999999989,-3.299748551582157
1.3000000000000003,7.149999999999989,-3.346440610679246
1.3500000000000003,7.149999999999989,-3.3941945761503947
1.4000000000000004,7.149999999999989,-3.4430321990887713
1.4500000000000004,7.149999999999989,-3.4929745547045643
1.5000000000000004,7.149999999999989,-3.5440418444780466
1.5500000000000005,7.149999999999989,-3.5962531715161763
1.6000000000000005,7.149999999999989,-3.649626286270668
1.6500000000000006,7.149999999999989,-3.7041772995820406
1.7000000000000006,7.149999999999989,-3.7599203598346764
1.7500000000000007,7.149999999999989,-3.8168672908523336
1.8000000000000007,7.149999999999989,-3.875027187043938
1.8500000000000008,7.149999999999989,-3.9344059622415477
1.9000000000000008,7.149999999999989,-3.9950058486748787
1.9500000000000008,7.149999999999989,-4.056824842622952
2.000000000000001,7.149999999999989,-4.119856093501038
2.0500000000000007,7.149999999999989,-4.184087233512813
2.100000000000001,7.149999999999989,-4.249499645561821
2.1500000000000012,7.149999999999989,-4.316067667916712
2.200000000000001,7.149999999999989,-4.383757735210244
2.250000000000001,7.149999999999989,-4.452527456776676
2.300000000000001,7.149999999999989,-4.522324635152751
2.3500000000000014,7.149999999999989,-4.593086229842618
2.4000000000000012,7.149999999999989,-4.664737274232583
2.450000000000001,7.149999999999989,-4.737189756887005
2.5000000000000013,7.149999999999989,-4.810341482398136
2.5500000000000016,7.149999999999989,-4.884074931514784
2.6000000000000014,7.149999999999989,-4.958256145420818
2.6500000000000012,7.149999999999989,-5.0327336647137155
2.7000000000000015,7.149999999999989,-5.107337559727806
2.7500000000000018,7.149999999999989,-5.181878595166216
2.8000000000000016,7.149999999999989,-5.256147578273095
2.8500000000000014,7.149999999999989,-5.329914945618817
2.9000000000000017,7.149999999999989,-5.402930648505015
2.950000000000002,7.149999999999989,-5.474924400439019
3.0000000000000018,7.149999999999989,-5.545606351402347
3.0500000000000016,7.149999999999989,-5.614668252006884
3.100000000000002,7.149999999999989,-5.681785165342291
3.150000000000002,7.149999999999989,-5.746617774671093
3.200000000000002,7.149999999999989,-5.808815320571643
3.2500000000000018,7.149999999999989,-5.868019181363665
3.300000000000002,7.149999999999989,-5.923867085744207
3.3500000000000023,7.149999999999989,-5.975997917056288
3.400000000000002,7.149999999999989,-6.024057035610255
3.450000000000002,7.149999999999989,-6.06770201067398
3.500000000000002,7.149999999999989,-6.106608619399182
3.5500000000000025,7.149999999999989,-6.140476938755355
3.6000000000000023,7.149999999999989,-6.169037331431796
3.650000000000002,7.149999999999989,-6.192056110514881
3.7000000000000024,7.149999999999989,-6.2093406630220285
3.7500000000000027,7.149999999999989,-6.220743820787219
3.8000000000000025,7.149999999999989,-6.22616728939021
3.8500000000000023,7.149999999999989,-6.2255639811771815
3.9000000000000026,7.149999999999989,-6.218939144987069
3.950000000000003,7.149999999999989,-6.20635023983409
4.000000000000003,7.149999999999989,-6.187905558468563
4.0500000000000025,7.149999999999989,-6.163761664954298
4.100000000000003,7.149999999999989,-6.13411976372296
4.150000000000003,7.149999999999989,-6.099221162106532
4.200000000000003,7.149999999999989,-6.059342021187078
4.250000000000003,7.149999999999989,-6.014787609251103
4.3000000000000025,7.149999999999989,-5.965886277831952
4.350000000000003,7.149999999999989,-5.912983373146284
4.400000000000003,7.149999999999989,-5.856435277570204
4.450000000000003,7.149999999999989,-5.7966037492360805
4.5000000000000036,7.149999999999989,-5.733850695774022
4.550000000000003,7.149999999999989,-5.66853348357789
4.600000000000003,7.149999999999989,-5.601000849368457
4.650000000000003,7.149999999999989,-5.531589448406851
4.700000000000003,7.149999999999989,-5.460621045056181
4.7500000000000036,7.149999999999989,-5.38840032748383
4.800000000000003,7.149999999999989,-5.315213309581318
4.850000000000003,7.149999999999989,-5.241326269637828
4.900000000000004,7.149999999999989,-5.166985166578186
4.950000000000004,7.149999999999989,-5.092415470076532
5.0000000000000036,7.149999999999989,-5.017822339867727
5.050000000000003,7.149999999999989,-4.943391091344893
5.100000000000003,7.149999999999989,-4.869287888323834
5.150000000000004,7.149999999999989,-4.795660609014266
5.200000000000004,7.149999999999989,-4.722639837199119
5.2500000000000036,7.149999999999989,-4.6503399369278675
5.300000000000004,7.149999999999989,-4.578860175323366
5.350000000000004,7.149999999999989,-4.508285864125736
5.400000000000004,7.149999999999989,-4.438689496176863
5.450000000000004,7.149999999999989,-4.370131858079654
5.5000000000000036,7.149999999999989,-4.302663104696299
5.550000000000004,7.149999999999989,-4.23632378497009
5.600000000000004,7.149999999999989,-4.171145811785371
5.650000000000004,7.149999999999989,-4.107153371259403
5.700000000000005,7.149999999999989,-4.044363769039569
5.750000000000004,7.149999999999989,-3.982788212916018
5.800000000000004,7.149999999999989,-3.92243253241223
5.850000000000004,7.149999999999989,-3.8632978370402675
5.900000000000004,7.149999999999989,-3.8053811156568824
5.950000000000005,7.149999999999989,-3.748675779878975
1.0,7.199999999999989,-3.057841466956546
1.05,7.199999999999989,-3.098599471295589
1.1,7.199999999999989,-3.1402575012218836
1.1500000000000001,7.199999999999989,-3.1828357866130403
1.2000000000000002,7.199999999999989,-3.2263544076548865
1.2500000000000002,7.199999999999989,-3.270833190205998
1.3000000000000003,7.199999999999989,-3.316291586116174
1.3500000000000003,7.199999999999989,-3.3627485368036663
1.4000000000000004,7.199999999999989,-3.410222318248218
1.4500000000000004,7.199999999999989,-3.4587303654053905
1.5000000000000004,7.199999999999989,-3.508289073895149
1.5500000000000005,7.199999999999989,-3.55891357666758
1.6000000000000005,7.199999999999989,-3.6106174932058166
1.6500000000000006,7.199999999999989,-3.66341264869666
1.7000000000000006,7.199999999999989,-3.7173087604908255
1.7500000000000007,7.199999999999989,-3.7723130890967753
1.8000000000000007,7.199999999999989,-3.828430050916624
1.8500000000000008,7.199999999999989,-3.8856607899542155
1.9000000000000008,7.199999999999989,-3.944002705821543
1.9500000000000008,7.199999999999989,-4.003448935561019
2.000000000000001,7.199999999999989,-4.063987787112136
2.0500000000000007,7.199999999999989,-4.1256021227098
2.100000000000001,7.199999999999989,-4.188268691140152
2.1500000000000012,7.199999999999989,-4.251957408633538
2.200000000000001,7.199999999999989,-4.316630589282307
2.250000000000001,7.199999999999989,-4.382242127274219
2.300000000000001,7.199999999999989,-4.448736634972013
2.3500000000000014,7.199999999999989,-4.516048542986345
2.4000000000000012,7.199999999999989,-4.58410117091786
2.450000000000001,7.199999999999989,-4.65280578041105
2.5000000000000013,7.199999999999989,-4.7220606255792195
2.5500000000000016,7.199999999999989,-4.79175001971687
2.6000000000000014,7.199999999999989,-4.861743441473918
2.6500000000000012,7.199999999999989,-4.931894708247872
2.7000000000000015,7.199999999999989,-5.002041249329599
2.7500000000000018,7.199999999999989,-5.07200351613157
2.8000000000000016,7.199999999999989,-5.141584571384168
2.8500000000000014,7.199999999999989,-5.210569903182904
2.9000000000000017,7.199999999999989,-5.278727512811248
2.950000000000002,7.199999999999989,-5.345808326886599
3.0000000000000018,7.199999999999989,-5.411546984065668
3.0500000000000016,7.199999999999989,-5.47566304376041
3.100000000000002,7.199999999999989,-5.537862658534061
3.150000000000002,7.199999999999989,-5.597840742617511
3.200000000000002,7.199999999999989,-5.655283655997866
3.2500000000000018,7.199999999999989,-5.709872406686905
3.300000000000002,7.199999999999989,-5.761286353272776
3.3500000000000023,7.199999999999989,-5.809207366247678
3.400000000000002,7.199999999999989,-5.853324380844471
3.450000000000002,7.199999999999989,-5.893338247572787
3.500000000000002,7.199999999999989,-5.928966761055249
3.5500000000000025,7.199999999999989,-5.959949725127699
3.6000000000000023,7.199999999999989,-5.986053894593745
3.650000000000002,7.199999999999989,-6.007077623521182
3.7000000000000024,7.199999999999989,-6.02285504820591
3.7500000000000027,7.199999999999989,-6.033259641002794
3.8000000000000025,7.199999999999989,-6.038206989455693
3.8500000000000023,7.199999999999989,-6.037656682978668
3.9000000000000026,7.199999999999989,-6.031613225260827
3.950000000000003,7.199999999999989,-6.020125932286052
4.000000000000003,7.199999999999989,-6.003287820467772
4.0500000000000025,7.199999999999989,-5.981233533682112
4.100000000000003,7.199999999999989,-5.954136398758939
4.150000000000003,7.199999999999989,-5.9222047334510854
4.200000000000003,7.199999999999989,-5.885677556894741
4.250000000000003,7.199999999999989,-5.844819868791099
4.3000000000000025,7.199999999999989,-5.799917669593074
4.350000000000003,7.199999999999989,-5.7512728903616885
4.400000000000003,7.199999999999989,-5.699198388891842
4.450000000000003,7.199999999999989,-5.644013149953725
4.5000000000000036,7.199999999999989,-5.586037804100866
4.550000000000003,7.199999999999989,-5.525590553561682
4.600000000000003,7.199999999999989,-5.462983567217644
4.650000000000003,7.199999999999989,-5.398519881244591
4.700000000000003,7.199999999999989,-5.332490818941169
4.7500000000000036,7.199999999999989,-5.265173923463964
4.800000000000003,7.199999999999989,-5.196831381110742
4.850000000000003,7.199999999999989,-5.12770890057229
4.900000000000004,7.199999999999989,-5.058035005064113
4.950000000000004,7.199999999999989,-4.988020689106135
5.0000000000000036,7.199999999999989,-4.917859389471333
5.050000000000003,7.199999999999989,-4.847727219942651
5.100000000000003,7.199999999999989,-4.777783421464061
5.150000000000004,7.199999999999989,-4.70817098253964
5.200000000000004,7.199999999999989,-4.6390173888730555
5.2500000000000036,7.199999999999989,-4.570435465867331
5.300000000000004,7.199999999999989,-4.502524282413075
5.350000000000004,7.199999999999989,-4.435370089145996
5.400000000000004,7.199999999999989,-4.369047268879898
5.450000000000004,7.199999999999989,-4.303619281104133
5.5000000000000036,7.199999999999989,-4.239139586205364
5.550000000000004,7.199999999999989,-4.175652538400268
5.600000000000004,7.199999999999989,-4.113194239243512
5.650000000000004,7.199999999999989,-4.051793346019066
5.700000000000005,7.199999999999989,-3.991471831361136
5.750000000000004,7.199999999999989,-3.9322456921202082
5.800000000000004,7.199999999999989,-3.8741256068303564
5.850000000000004,7.199999999999989,-3.8171175421880217
5.900000000000004,7.199999999999989,-3.761223309760152
5.950000000000005,7.199999999999989,-3.7064410747394922
1.0,7.2499999999999885,-3.034089507227481
1.05,7.2499999999999885,-3.0738927302093138
1.1,7.2499999999999885,-3.1145491207331184
1.1500000000000001,7.2499999999999885,-3.1560763814933743
1.2000000000000002,7.2499999999999885,-3.1984919364875615
1.2500000000000002,7.2499999999999885,-3.2418128229772063
1.3000000000000003,7.2499999999999885,-3.2860555690257516
1.3500000000000003,7.2499999999999885,-3.3312360550950992
1.4000000000000004,7.2499999999999885,-3.377369358065989
1.4500000000000004,7.2499999999999885,-3.424469575931175
1.5000000000000004,7.2499999999999885,-3.4725496312975896
1.5500000000000005,7.2499999999999885,-3.5216210517282116
1.6000000000000005,7.2499999999999885,-3.5716937248610274
1.6500000000000006,7.2499999999999885,-3.622775626167391
1.7000000000000006,7.2499999999999885,-3.674872517162797
1.7500000000000007,7.2499999999999885,-3.7279876118688478
1.8000000000000007,7.2499999999999885,-3.782121209357052
1.8500000000000008,7.2499999999999885,-3.8372702902964715
1.9000000000000008,7.2499999999999885,-3.893428075593646
1.9500000000000008,7.2499999999999885,-3.9505835454729583
2.000000000000001,7.2499999999999885,-4.008720917719547
2.0500000000000007,7.2499999999999885,-4.0678190843185265
2.100000000000001,7.2499999999999885,-4.127851006399719
2.1500000000000012,7.2499999999999885,-4.188783068264587
2.200000000000001,7.2499999999999885,-4.250574392361214
2.250000000000001,7.2499999999999885,-4.313176118414008
2.300000000000001,7.2499999999999885,-4.376530651536263
2.3500000000000014,7.2499999999999885,-4.4405708860810655
2.4000000000000012,7.2499999999999885,-4.505219414238681
2.450000000000001,7.2499999999999885,-4.5703877309753915
2.5000000000000013,7.2499999999999885,-4.635975449824587
2.5500000000000016,7.2499999999999885,-4.701869547260277
2.6000000000000014,7.2499999999999885,-4.767943656854626
2.6500000000000012,7.2499999999999885,-4.834057438060272
2.7000000000000015,7.2499999999999885,-4.900056048141661
2.7500000000000018,7.2499999999999885,-4.965769749337948
2.8000000000000016,7.2499999999999885,-5.0310136865544
2.8500000000000014,7.2499999999999885,-5.095587873478768
2.9000000000000017,7.2499999999999885,-5.159277426683894
2.950000000000002,7.2499999999999885,-5.221853087647126
3.0000000000000018,7.2499999999999885,-5.28307207130486
3.0500000000000016,7.2499999999999885,-5.342679276379936
3.100000000000002,7.2499999999999885,-5.400408886916597
3.150000000000002,7.2499999999999885,-5.455986385953457
3.200000000000002,7.2499999999999885,-5.509130990905616
3.2500000000000018,7.2499999999999885,-5.559558506036222
3.300000000000002,7.2499999999999885,-5.606984570626814
3.3500000000000023,7.2499999999999885,-5.65112826262345
3.400000000000002,7.2499999999999885,-5.691715997449435
3.450000000000002,7.2499999999999885,-5.72848564142367
3.500000000000002,7.2499999999999885,-5.7611907401335225
3.5500000000000025,7.2499999999999885,-5.789604745666256
3.6000000000000023,7.2499999999999885,-5.81352511432404
3.650000000000002,7.2499999999999885,-5.832777139742817
3.7000000000000024,7.2499999999999885,-5.84721738633636
3.7500000000000027,7.2499999999999885,-5.856736595392028
3.8000000000000025,7.2499999999999885,-5.8612619510907225
3.8500000000000023,7.2499999999999885,-5.860758615712259
3.9000000000000026,7.2499999999999885,-5.85523047118218
3.950000000000003,7.2499999999999885,-5.8447200362166125
4.000000000000003,7.2499999999999885,-5.829307562512611
4.0500000000000025,7.2499999999999885,-5.809109347386904
4.100000000000003,7.2499999999999885,-5.784275331683988
4.150000000000003,7.2499999999999885,-5.754986078607713
4.200000000000003,7.2499999999999885,-5.721449249781896
4.250000000000003,7.2499999999999885,-5.6838957083021775
4.3000000000000025,7.2499999999999885,-5.642575384435428
4.350000000000003,7.2499999999999885,-5.597753038211026
4.400000000000003,7.2499999999999885,-5.549704045226978
4.450000000000003,7.2499999999999885,-5.4987103187630835
4.5000000000000036,7.2499999999999885,-5.445056464197005
4.550000000000003,7.2499999999999885,-5.389026242281374
4.600000000000003,7.2499999999999885,-5.330899397522035
4.650000000000003,7.2499999999999885,-5.270948887983607
4.700000000000003,7.2499999999999885,-5.209438534373215
4.7500000000000036,7.2499999999999885,-5.146621089965842
4.800000000000003,7.2499999999999885,-5.082736719298071
4.850000000000003,7.2499999999999885,-5.018011862773127
4.900000000000004,7.2499999999999885,-4.952658456373381
4.950000000000004,7.2499999999999885,-4.8868734703831285
5.0000000000000036,7.2499999999999885,-4.820838728087578
5.050000000000003,7.2499999999999885,-4.754720964469378
5.100000000000003,7.2499999999999885,-4.688672085582739
5.150000000000004,7.2499999999999885,-4.622829591164719
5.200000000000004,7.2499999999999885,-4.557317125789864
5.2500000000000036,7.2499999999999885,-4.492245127177474
5.300000000000004,7.2499999999999885,-4.42771154386015
5.350000000000004,7.2499999999999885,-4.363802598108749
5.400000000000004,7.2499999999999885,-4.3005935736230825
5.450000000000004,7.2499999999999885,-4.238149610924342
5.5000000000000036,7.2499999999999885,-4.176526496546998
5.550000000000004,7.2499999999999885,-4.11577143497933
5.600000000000004,7.2499999999999885,-4.055923794821631
5.650000000000004,7.2499999999999885,-3.997015822817533
5.700000000000005,7.2499999999999885,-3.9390733212784195
5.750000000000004,7.2499999999999885,-3.8821162859839013
5.800000000000004,7.2499999999999885,-3.826159502929559
5.850000000000004,7.2499999999999885,-3.771213103335535
5.900000000000004,7.2499999999999885,-3.7172830771562655
5.950000000000005,7.2499999999999885,-3.6643717459721774
1.0,7.299999999999988,-3.010200429525815
1.05,7.299999999999988,-3.0490588110142225
1.1,7.299999999999988,-3.088725034800899
1.1500000000000001,7.299999999999988,-3.1292144428463846
1.2000000000000002,7.299999999999988,-3.170541985950328
1.2500000000000002,7.299999999999988,-3.212722113789832
1.3000000000000003,7.299999999999988,-3.2557686512530655
1.3500000000000003,7.299999999999988,-3.299694659723729
1.4000000000000004,7.299999999999988,-3.3445122818833046
1.4500000000000004,7.299999999999988,-3.390232568513193
1.5000000000000004,7.299999999999988,-3.436865285701012
1.5500000000000005,7.299999999999988,-3.4844187007883356
1.6000000000000005,7.299999999999988,-3.5328993453459474
1.6500000000000006,7.299999999999988,-3.5823117534330806
1.7000000000000006,7.299999999999988,-3.632658173396381
1.7500000000000007,7.299999999999988,-3.683938251501001
1.8000000000000007,7.299999999999988,-3.7361486857704627
1.8500000000000008,7.299999999999988,-3.7892828485556236
1.9000000000000008,7.299999999999988,-3.8433303765698925
1.9500000000000008,7.299999999999988,-3.898276727433434
2.000000000000001,7.299999999999988,-3.9541027021808652
2.0500000000000007,7.299999999999988,-4.010783933724253
2.100000000000001,7.299999999999988,-4.0682903419466125
2.1500000000000012,7.299999999999988,-4.126585556952399
2.200000000000001,7.299999999999988,-4.185626313042445
2.250000000000001,7.299999999999988,-4.245361817232462
2.300000000000001,7.299999999999988,-4.305733097615075
2.3500000000000014,7.299999999999988,-4.366672338589588
2.4000000000000012,7.299999999999988,-4.428102211958404
2.450000000000001,7.299999999999988,-4.48993521511137
2.5000000000000013,7.299999999999988,-4.552073029972702
2.5500000000000016,7.299999999999988,-4.614405919034978
2.6000000000000014,7.299999999999988,-4.676812177594068
2.6500000000000012,7.299999999999988,-4.73915766414363
2.7000000000000015,7.299999999999988,-4.801295433672753
2.7500000000000018,7.299999999999988,-4.863065501185053
2.8000000000000016,7.299999999999988,-4.924294764935589
2.8500000000000014,7.299999999999988,-4.984797120440746
2.9000000000000017,7.299999999999988,-5.044373797001986
2.950000000000002,7.299999999999988,-5.102813948020676
3.0000000000000018,7.299999999999988,-5.15989552448384
3.0500000000000016,7.299999999999988,-5.215386457397747
3.100000000000002,7.299999999999988,-5.269046169405406
3.150000000000002,7.299999999999988,-5.320627428184429
3.200000000000002,7.299999999999988,-5.3698785444296355
3.2500000000000018,7.299999999999988,-5.416545905369622
3.300000000000002,7.299999999999988,-5.460376821113347
3.3500000000000023,7.299999999999988,-5.501122646134059
3.400000000000002,7.299999999999988,-5.538542122541623
3.450000000000002,7.299999999999988,-5.572404876329886
3.500000000000002,7.299999999999988,-5.602494983525473
3.5500000000000025,7.299999999999988,-5.628614511208617
3.6000000000000023,7.299999999999988,-5.650586929823995
3.650000000000002,7.299999999999988,-5.668260289040688
3.7000000000000024,7.299999999999988,-5.681510050424193
3.7500000000000027,7.299999999999988,-5.690241476791527
3.8000000000000025,7.299999999999988,-5.694391490364897
3.8500000000000023,7.299999999999988,-5.693929929298283
3.9000000000000026,7.299999999999988,-5.688860153952949
3.950000000000003,7.299999999999988,-5.679218979177655
4.000000000000003,7.299999999999988,-5.665075935254774
4.0500000000000025,7.299999999999988,-5.646531886407381
4.100000000000003,7.299999999999988,-5.623717060143212
4.150000000000003,7.299999999999988,-5.596788561734477
4.200000000000003,7.299999999999988,-5.565927464604203
4.250000000000003,7.299999999999988,-5.531335578525991
4.3000000000000025,7.299999999999988,-5.493232003014684
4.350000000000003,7.299999999999988,-5.451849573209575
4.400000000000003,7.299999999999988,-5.407431300443913
4.450000000000003,7.299999999999988,-5.360226900376909
4.5000000000000036,7.299999999999988,-5.310489489058313
4.550000000000003,7.299999999999988,-5.258472512708252
4.600000000000003,7.299999999999988,-5.20442696141531
4.650000000000003,7.299999999999988,-5.148598901370108
4.700000000000003,7.299999999999988,-5.091227345483098
4.7500000000000036,7.299999999999988,-5.032542468911205
4.800000000000003,7.299999999999988,-4.97276416456034
4.850000000000003,7.299999999999988,-4.91210092426704
4.900000000000004,7.299999999999988,-4.850749024150947
4.950000000000004,7.299999999999988,-4.788891987492215
5.0000000000000036,7.299999999999988,-4.726700295246387
5.050000000000003,7.299999999999988,-4.664331312721197
5.100000000000003,7.299999999999988,-4.601929400728631
5.150000000000004,7.299999999999988,-4.5396261804075255
5.200000000000004,7.299999999999988,-4.477540922614073
5.2500000000000036,7.299999999999988,-4.41578103505155
5.300000000000004,7.299999999999988,-4.354442622941276
5.350000000000004,7.299999999999988,-4.293611101844468
5.400000000000004,7.299999999999988,-4.233361844086549
5.450000000000004,7.299999999999988,-4.1737608430027375
5.5000000000000036,7.299999999999988,-4.1148653818380785
5.550000000000004,7.299999999999988,-4.056724696544317
5.600000000000004,7.299999999999988,-3.9993806238897522
5.650000000000004,7.299999999999988,-3.9428682282226175
5.700000000000005,7.299999999999988,-3.887216401903322
5.750000000000004,7.299999999999988,-3.8324484358545394
5.800000000000004,7.299999999999988,-3.778582557886085
5.850000000000004,7.299999999999988,-3.7256324374528567
5.900000000000004,7.299999999999988,-3.6736076563200104
5.950000000000005,7.299999999999988,-3.6225141452620626
1.0,7.349999999999988,-2.9862009343792013
1.05,7.349999999999988,-3.0241255722129425
1.1,7.349999999999988,-3.0628142874313746
1.1500000000000001,7.349999999999988,-3.1022802235028877
1.2000000000000002,7.349999999999988,-3.142536035690516
1.2500000000000002,7.349999999999988,-3.1835937804582795
1.3000000000000003,7.349999999999988,-3.225464791960188
1.3500000000000003,7.349999999999988,-3.2681595444350657
1.4000000000000004,7.349999999999988,-3.3116874992665157
1.4500000000000004,7.349999999999988,-3.356056935410019
1.5000000000000004,7.349999999999988,-3.401274761841381
1.5500000000000005,7.349999999999988,-3.4473463106464624
1.6000000000000005,7.349999999999988,-3.4942751093559945
1.6500000000000006,7.349999999999988,-3.5420626311368606
1.7000000000000006,7.349999999999988,-3.590708021489222
1.7500000000000007,7.349999999999988,-3.6402078001750686
1.8000000000000007,7.349999999999988,-3.690555537227152
1.8500000000000008,7.349999999999988,-3.7417415020683857
1.9000000000000008,7.349999999999988,-3.79375228502216
1.9500000000000008,7.349999999999988,-3.84657039082689
2.000000000000001,7.349999999999988,-3.9001738041977454
2.0500000000000007,7.349999999999988,-3.954535528020109
2.100000000000001,7.349999999999988,-4.009623095429044
2.1500000000000012,7.349999999999988,-4.065398057842789
2.200000000000001,7.349999999999988,-4.1218154519915515
2.250000000000001,7.349999999999988,-4.178823250129205
2.300000000000001,7.349999999999988,-4.2363617989454045
2.3500000000000014,7.349999999999988,-4.294363254214819
2.4000000000000012,7.349999999999988,-4.352751019927024
2.450000000000001,7.349999999999988,-4.41143920252444
2.5000000000000013,7.349999999999988,-4.47033209291284
2.5500000000000016,7.349999999999988,-4.52932369106071
2.6000000000000014,7.349999999999988,-4.588297290212365
2.6500000000000012,7.349999999999988,-4.6471251399255635
2.7000000000000015,7.349999999999988,-4.705668209203794
2.7500000000000018,7.349999999999988,-4.763776072796321
2.8000000000000016,7.349999999999988,-4.821286945129934
2.8500000000000014,7.349999999999988,-4.878027887135319
2.9000000000000017,7.349999999999988,-4.933815211240031
2.950000000000002,7.349999999999988,-4.988455108810499
3.0000000000000018,7.349999999999988,-5.041744522131819
3.0500000000000016,7.349999999999988,-5.093472279429518
3.100000000000002,7.349999999999988,-5.143420506316141
3.150000000000002,7.349999999999988,-5.1913663203051685
3.200000000000002,7.349999999999988,-5.237083806683041
3.2500000000000018,7.349999999999988,-5.2803462641878784
3.300000000000002,7.349999999999988,-5.320928697865577
3.3500000000000023,7.349999999999988,-5.358610524560365
3.400000000000002,7.349999999999988,-5.393178444292373
3.450000000000002,7.349999999999988,-5.42442941895438
3.500000000000002,7.349999999999988,-5.452173689094195
3.5500000000000025,7.349999999999988,-5.47623775085515
3.6000000000000023,7.349999999999988,-5.496467209220427
3.650000000000002,7.349999999999988,-5.512729421246681
3.7000000000000024,7.349999999999988,-5.524915844501267
3.7500000000000027,7.349999999999988,-5.532944011711763
3.8000000000000025,7.349999999999988,-5.536759062671711
3.8500000000000023,7.349999999999988,-5.536334778371633
3.9000000000000026,7.349999999999988,-5.5316740794686545
3.950000000000003,7.349999999999988,-5.522808970624352
4.000000000000003,7.349999999999988,-5.509799932779995
4.0500000000000025,7.349999999999988,-5.492734785851605
4.100000000000003,7.349999999999988,-5.4717270633758766
4.150000000000003,7.349999999999988,-5.44691395720628
4.200000000000003,7.349999999999988,-5.418453903549654
4.250000000000003,7.349999999999988,-5.3865238908381645
4.3000000000000025,7.349999999999988,-5.35131657486453
4.350000000000003,7.349999999999988,-5.313037287308569
4.400000000000003,7.349999999999988,-5.2719010205809615
4.450000000000003,7.349999999999988,-5.228129465369776
4.5000000000000036,7.349999999999988,-5.18194816812159
4.550000000000003,7.349999999999988,-5.1335838647276875
4.600000000000003,7.349999999999988,-5.083262034729264
4.650000000000003,7.349999999999988,-5.031204708159221
4.700000000000003,7.349999999999988,-4.9776285453524185
4.7500000000000036,7.349999999999988,-4.922743199198352
4.800000000000003,7.349999999999988,-4.866749959750167
4.850000000000003,7.349999999999988,-4.809840673068831
4.900000000000004,7.349999999999988,-4.752196919767299
4.950000000000004,7.349999999999988,-4.693989433914544
5.0000000000000036,7.349999999999988,-4.635377739666237
5.050000000000003,7.349999999999988,-4.57650998105181
5.100000000000003,7.349999999999988,-4.517522919574598
5.150000000000004,7.349999999999988,-4.458542074465261
5.200000000000004,7.349999999999988,-4.399681981361469
5.2500000000000036,7.349999999999988,-4.341046546673682
5.300000000000004,7.349999999999988,-4.282729476762796
5.350000000000004,7.349999999999988,-4.2248147631496185
5.400000000000004,7.349999999999988,-4.167377207174069
5.450000000000004,7.349999999999988,-4.110482969724891
5.5000000000000036,7.349999999999988,-4.054190133793386
5.550000000000004,7.349999999999988,-3.998549269613831
5.600000000000004,7.349999999999988,-3.9436039940030247
5.650000000000004,7.349999999999988,-3.8893915171813105
5.700000000000005,7.349999999999988,-3.8359431718385775
5.750000000000004,7.349999999999988,-3.78328492050132
5.800000000000004,7.349999999999988,-3.7314378383675684
5.850000000000004,7.349999999999988,-3.6804185697167084
5.900000000000004,7.349999999999988,-3.6302397567848903
5.950000000000005,7.349999999999988,-3.5809104406394896
1.0,7.399999999999988,-2.9621164955732615
1.05,7.399999999999988,-2.99911952776742
1.1,7.399999999999988,-3.0368444500512073
1.1500000000000001,7.399999999999988,-3.0753023647155016
1.2000000000000002,7.399999999999988,-3.114503803087978
1.2500000000000002,7.399999999999988,-3.1544586154190357
1.3000000000000003,7.399999999999988,-3.1951758486834296
1.3500000000000003,7.399999999999988,-3.2366636112799645
1.4000000000000004,7.399999999999988,-3.278928923569471
1.4500000000000004,7.399999999999988,-3.3219775531575326
1.5000000000000004,7.399999999999988,-3.3658138338061745
1.5500000000000005,7.399999999999988,-3.4104404668516364
1.6000000000000005,7.399999999999988,-3.4558583040178332
1.6500000000000006,7.399999999999988,-3.5020661105523043
1.7000000000000006,7.399999999999988,-3.5490603076794796
1.7500000000000007,7.399999999999988,-3.5968346934717466
1.8000000000000007,7.399999999999988,-3.6453801413901497
1.8500000000000008,7.399999999999988,-3.6946842759523686
1.9000000000000008,7.399999999999988,-3.744731125255804
1.9500000000000008,7.399999999999988,-3.795500750428866
2.000000000000001,7.399999999999988,-3.8469688525152765
2.0500000000000007,7.399999999999988,-3.899106357826318
2.100000000000001,7.399999999999988,-3.951878983436265
2.1500000000000012,7.399999999999988,-4.005246785258217
2.200000000000001,7.399999999999988,-4.05916369203121
2.250000000000001,7.399999999999988,-4.113577029582746
2.300000000000001,7.399999999999988,-4.168427040908119
2.3500000000000014,7.399999999999988,-4.223646408928512
2.4000000000000012,7.399999999999988,-4.279159790246669
2.450000000000001,7.399999999999988,-4.334883369795804
2.5000000000000013,7.399999999999988,-4.390724447947764
2.5500000000000016,7.399999999999988,-4.4465810733700115
2.6000000000000014,7.399999999999988,-4.502341736642722
2.6500000000000012,7.399999999999988,-4.557885141294461
2.7000000000000015,7.399999999999988,-4.6130800703966095
2.7500000000000018,7.399999999999988,-4.667785368062961
2.8000000000000016,7.399999999999988,-4.721850056003953
2.8500000000000014,7.399999999999988,-4.775113605542019
2.9000000000000017,7.399999999999988,-4.827406385052876
2.950000000000002,7.399999999999988,-4.8785503015025515
3.0000000000000018,7.399999999999988,-4.928359652455208
3.0500000000000016,7.399999999999988,-4.976642201508426
3.100000000000002,7.399999999999988,-5.023200485484326
3.150000000000002,7.399999999999988,-5.067833355836118
3.200000000000002,7.399999999999988,-5.110337749662763
3.2500000000000018,7.399999999999988,-5.150510677591208
3.300000000000002,7.399999999999988,-5.188151406818192
3.3500000000000023,7.399999999999988,-5.223063808140909
3.400000000000002,7.399999999999988,-5.255058826288091
3.450000000000002,7.399999999999988,-5.283957023817977
3.500000000000002,7.399999999999988,-5.3095911408639775
3.5500000000000025,7.399999999999988,-5.331808606689514
3.6000000000000023,7.399999999999988,-5.3504739349385755
3.650000000000002,7.399999999999988,-5.365470933132296
3.7000000000000024,7.399999999999988,-5.376704658720309
3.7500000000000027,7.399999999999988,-5.384103059017898
3.8000000000000025,7.399999999999988,-5.387618240593902
3.8500000000000023,7.399999999999988,-5.387227324830778
3.9000000000000026,7.399999999999988,-5.382932859939505
3.950000000000003,7.399999999999988,-5.374762774963622
4.000000000000003,7.399999999999988,-5.362769877392227
4.0500000000000025,7.399999999999988,-5.347030911993622
4.100000000000003,7.399999999999988,-5.327645213459719
4.150000000000003,7.399999999999988,-5.304732998583141
4.200000000000003,7.399999999999988,-5.278433354295318
4.250000000000003,7.399999999999988,-5.2489019855009955
4.3000000000000025,7.399999999999988,-5.21630879101081
4.350000000000003,7.399999999999988,-5.180835336992961
4.400000000000003,7.399999999999988,-5.142672295447386
4.450000000000003,7.399999999999988,-5.10201691063902
4.5000000000000036,7.399999999999988,-5.05907054972614
4.550000000000003,7.399999999999988,-5.014036385573718
4.600000000000003,7.399999999999988,-4.967117250556544
4.650000000000003,7.399999999999988,-4.918513690610426
4.700000000000003,7.399999999999988,-4.868422239393954
4.7500000000000036,7.399999999999988,-4.81703392359908
4.800000000000003,7.399999999999988,-4.7645330025134935
4.850000000000003,7.399999999999988,-4.7110959381030595
4.900000000000004,7.399999999999988,-4.6568905862611025
4.950000000000004,7.399999999999988,-4.602075595489446
5.0000000000000036,7.399999999999988,-4.5467999960908445
5.050000000000003,7.399999999999988,-4.491202960868495
5.100000000000003,7.399999999999988,-4.435413717216105
5.150000000000004,7.399999999999988,-4.3795515901925075
5.200000000000004,7.399999999999988,-4.323726156553046
5.2500000000000036,7.399999999999988,-4.268037490604623
5.300000000000004,7.399999999999988,-4.212576484022353
5.350000000000004,7.399999999999988,-4.157425223288701
5.400000000000004,7.399999999999988,-4.102657410084819
5.450000000000004,7.399999999999988,-4.048338811691047
5.5000000000000036,7.399999999999988,-3.994527730170399
5.550000000000004,7.399999999999988,-3.941275480763245
5.600000000000004,7.399999999999988,-3.8886268714760193
5.650000000000004,7.399999999999988,-3.836620677277321
5.700000000000005,7.399999999999988,-3.7852901036070676
5.750000000000004,7.399999999999988,-3.734663235052653
5.800000000000004,7.399999999999988,-3.6847634660509
5.850000000000004,7.399999999999988,-3.6356099113412537
5.900000000000004,7.399999999999988,-3.587217794632399
5.950000000000005,7.399999999999988,-3.539598814561841
1.0,7.449999999999988,-2.937971357046224
1.05,7.449999999999988,-2.974065848605875
1.1,7.449999999999988,-3.010841628542931
1.1500000000000001,7.449999999999988,-3.0483079097733956
1.2000000000000002,7.449999999999988,-3.086473264651333
1.2500000000000002,7.449999999999988,-3.1253455162790553
1.3000000000000003,7.449999999999988,-3.164931618591611
1.3500000000000003,7.449999999999988,-3.2052375243472078
1.4000000000000004,7.449999999999988,-3.2462680401316573
1.4500000000000004,7.449999999999988,-3.288026667471148
1.5000000000000004,7.449999999999988,-3.330515429146569
1.5500000000000005,7.449999999999988,-3.373734679817684
1.6000000000000005,7.449999999999988,-3.417682900100675
1.6500000000000006,7.449999999999988,-3.4623564733027
1.7000000000000006,7.449999999999988,-3.507749444107493
1.7500000000000007,7.449999999999988,-3.553853258632586
1.8000000000000007,7.449999999999988,-3.600656485448503
1.8500000000000008,7.449999999999988,-3.6481445173704175
1.9000000000000008,7.449999999999988,-3.6962992541116475
1.9500000000000008,7.449999999999988,-3.7450987662343276
2.000000000000001,7.449999999999988,-3.7945169412546638
2.0500000000000007,7.449999999999988,-3.8445231132672113
2.100000000000001,7.449999999999988,-3.8950816780529953
2.1500000000000012,7.449999999999988,-3.946151696337703
2.200000000000001,7.449999999999988,-3.997686488674466
2.250000000000001,7.449999999999988,-4.049633226344334
2.300000000000001,7.449999999999988,-4.101932523696407
2.3500000000000014,7.449999999999988,-4.154518038483842
2.4000000000000012,7.449999999999988,-4.207316087980624
2.450000000000001,7.449999999999988,-4.260245289968335
2.5000000000000013,7.449999999999988,-4.313216239034373
2.5500000000000016,7.449999999999988,-4.366131229984187
2.6000000000000014,7.449999999999988,-4.418884041489139
2.6500000000000012,7.449999999999988,-4.471359794304211
2.7000000000000015,7.449999999999988,-4.523434899417749
2.7500000000000018,7.449999999999988,-4.574977112247404
2.8000000000000016,7.449999999999988,-4.625845709369069
2.8500000000000014,7.449999999999988,-4.675891804146927
2.9000000000000017,7.449999999999988,-4.724958816906898
2.950000000000002,7.449999999999988,-4.77288311384971
3.0000000000000018,7.449999999999988,-4.819494826632015
3.0500000000000016,7.449999999999988,-4.864618861375068
3.100000000000002,7.449999999999988,-4.908076101745494
3.150000000000002,7.449999999999988,-4.949684805692874
3.200000000000002,7.449999999999988,-4.989262189485055
3.2500000000000018,7.449999999999988,-5.026626185983694
3.300000000000002,7.449999999999988,-5.061597356854924
3.3500000000000023,7.449999999999988,-5.094000930895778
3.400000000000002,7.449999999999988,-5.123668933229534
3.450000000000002,7.449999999999988,-5.150442363194193
3.500000000000002,7.449999999999988,-5.174173372764156
3.5500000000000025,7.449999999999988,-5.1947273927579865
3.6000000000000023,7.449999999999988,-5.211985151315655
3.650000000000002,7.449999999999988,-5.2258445285273645
3.7000000000000024,7.449999999999988,-5.236222192904991
3.7500000000000027,7.449999999999988,-5.243054969706934
3.8000000000000025,7.449999999999988,-5.246300897893993
3.8500000000000023,7.449999999999988,-5.245939941471849
3.9000000000000026,7.449999999999988,-5.241974331763071
3.950000000000003,7.449999999999988,-5.234428529206305
4.000000000000003,7.449999999999988,-5.223348805958954
4.0500000000000025,7.449999999999988,-5.208802463188194
4.100000000000003,7.449999999999988,-5.190876708785402
4.150000000000003,7.449999999999988,-5.1696772317038295
4.200000000000003,7.449999999999988,-5.145326517682136
4.250000000000003,7.449999999999988,-5.117961957407316
4.3000000000000025,7.449999999999988,-5.087733801987606
4.350000000000003,7.449999999999988,-5.054803021919952
4.400000000000003,7.449999999999988,-5.019339124678336
4.450000000000003,7.449999999999988,-4.981517982885336
4.5000000000000036,7.449999999999988,-4.941519720127504
4.550000000000003,7.449999999999988,-4.899526695265603
4.600000000000003,7.449999999999988,-4.855721619027044
4.650000000000003,7.449999999999988,-4.8102858291917725
4.700000000000003,7.449999999999988,-4.763397743195683
4.7500000000000036,7.449999999999988,-4.7152314998177784
4.800000000000003,7.449999999999988,-4.665955795055823
4.850000000000003,7.449999999999988,-4.615732911520182
4.900000000000004,7.449999999999988,-4.564717935801946
4.950000000000004,7.449999999999988,-4.513058154347189
5.0000000000000036,7.449999999999988,-4.460892615385404
5.050000000000003,7.449999999999988,-4.4083518423639685
5.100000000000003,7.449999999999988,-4.355557683047061
5.150000000000004,7.449999999999988,-4.302623277842323
5.200000000000004,7.449999999999988,-4.249653130907371
5.2500000000000036,7.449999999999988,-4.196743268045491
5.300000000000004,7.449999999999988,-4.143981466214968
5.350000000000004,7.449999999999988,-4.091447540548251
5.400000000000004,7.449999999999988,-4.03921367601692
5.450000000000004,7.449999999999988,-3.9873447922105494
5.5000000000000036,7.449999999999988,-3.9358989310605983
5.550000000000004,7.449999999999988,-3.88492765868582
5.600000000000004,7.449999999999988,-3.8344764738268076
5.650000000000004,7.449999999999988,-3.7845852165483285
5.700000000000005,7.449999999999988,-3.7352884720019173
5.750000000000004,7.449999999999988,-3.686615965048216
5.800000000000004,7.449999999999988,-3.6385929424349643
5.850000000000004,7.449999999999988,-3.5912405400130973
5.900000000000004,7.449999999999988,-3.544576133154034
5.950000000000005,7.449999999999988,-3.498613669112367
1.0,7.499999999999988,-2.9137885365993688
1.05,7.499999999999988,-2.94898837132964
1.1,7.499999999999988,-2.984830477850855
1.1500000000000001,7.499999999999988,-3.021322325534343
1.2000000000000002,7.499999999999988,-3.0584706856413453
1.2500000000000002,7.499999999999988,-3.0962815248481768
1.3000000000000003,7.499999999999988,-3.134759888412837
1.3500000000000003,7.499999999999988,-3.173909772252949
1.4000000000000004,7.499999999999988,-3.2137339831970895
1.4500000000000004,7.499999999999988,-3.2542339866743615
1.5000000000000004,7.499999999999988,-3.2954097411231804
1.5500000000000005,7.499999999999988,-3.337259518432929
1.6000000000000005,7.499999999999988,-3.3797797097849176
1.6500000000000006,7.499999999999988,-3.4229646163362695
1.7000000000000006,7.499999999999988,-3.4668062242964472
1.7500000000000007,7.499999999999988,-3.5112939640865055
1.8000000000000007,7.499999999999988,-3.5564144534513114
1.8500000000000008,7.499999999999988,-3.6021512246212413
1.9000000000000008,7.499999999999988,-3.6484844358985846
1.9500000000000008,7.499999999999988,-3.695390568381817
2.000000000000001,7.499999999999988,-3.7428421089447044
2.0500000000000007,7.499999999999988,-3.7908072210632717
2.100000000000001,7.499999999999988,-3.8392494056376245
2.1500000000000012,7.499999999999988,-3.888127154592028
2.200000000000001,7.499999999999988,-3.9373936007581687
2.250000000000001,7.499999999999988,-3.9869961683533326
2.300000000000001,7.499999999999988,-4.036876229254121
2.3500000000000014,7.499999999999988,-4.086968771229577
2.4000000000000012,7.499999999999988,-4.137202085322291
2.450000000000001,7.499999999999988,-4.187497480632175
2.5000000000000013,7.499999999999988,-4.237769035838096
2.5500000000000016,7.499999999999988,-4.28792339785071
2.6000000000000014,7.499999999999988,-4.3378596389802375
2.6500000000000012,7.499999999999988,-4.387469184869235
2.7000000000000015,7.499999999999988,-4.43663582611712
2.7500000000000018,7.499999999999988,-4.485235826934941
2.8000000000000016,7.499999999999988,-4.53313814423363
2.8500000000000014,7.499999999999988,-4.580204770179849
2.9000000000000017,7.499999999999988,-4.62629121036393
2.950000000000002,7.499999999999988,-4.671247108233139
3.0000000000000018,7.499999999999988,-4.714917024282197
3.0500000000000016,7.499999999999988,-4.757141375613955
3.100000000000002,7.499999999999988,-4.7977575378683435
3.150000000000002,7.499999999999988,-4.836601107188299
3.200000000000002,7.499999999999988,-4.873507314914453
3.2500000000000018,7.499999999999988,-4.908312582197355
3.300000000000002,7.499999999999988,-4.940856195864
3.3500000000000023,7.499999999999988,-4.970982080907637
3.400000000000002,7.499999999999988,-4.998540639168977
3.450000000000002,7.499999999999988,-5.023390618463114
3.500000000000002,7.499999999999988,-5.0454009719201895
3.5500000000000025,7.499999999999988,-5.064452663985792
3.6000000000000023,7.499999999999988,-5.080440377676786
3.650000000000002,7.499999999999988,-5.093274077558587
3.7000000000000024,7.499999999999988,-5.102880384664893
3.7500000000000027,7.499999999999988,-5.109203723277425
3.8000000000000025,7.499999999999988,-5.1122072050556175
3.8500000000000023,7.499999999999988,-5.1118732232622115
3.9000000000000026,7.499999999999988,-5.108203738457861
3.950000000000003,7.499999999999988,-5.101220246622073
4.000000000000003,7.499999999999988,-5.090963430712268
4.0500000000000025,7.499999999999988,-5.077492506674487
4.100000000000003,7.499999999999988,-5.060884284349118
4.150000000000003,7.499999999999988,-5.041231972098204
4.200000000000003,7.499999999999988,-5.018643760921504
4.250000000000003,7.499999999999988,-4.993241229037094
4.3000000000000025,7.499999999999988,-4.965157611211662
4.350000000000003,7.499999999999988,-4.934535978495494
4.400000000000003,7.499999999999988,-4.901527373527179
4.450000000000003,7.499999999999988,-4.866288944406139
4.5000000000000036,7.499999999999988,-4.828982116550361
4.550000000000003,7.499999999999988,-4.789770837277424
4.600000000000003,7.499999999999988,-4.748819922408829
4.650000000000003,7.499999999999988,-4.706293528338806
4.700000000000003,7.499999999999988,-4.662353767042874
4.7500000000000036,7.499999999999988,-4.617159475702447
4.800000000000003,7.499999999999988,-4.570865147211457
4.850000000000003,7.499999999999988,-4.52362002297579
4.900000000000004,7.499999999999988,-4.475567345225972
4.950000000000004,7.499999999999988,-4.426843762595578
5.0000000000000036,7.499999999999988,-4.377578879984964
5.050000000000003,7.499999999999988,-4.327894941707145
5.100000000000003,7.499999999999988,-4.277906635547729
5.150000000000004,7.499999999999988,-4.227721004592072
5.200000000000004,7.499999999999988,-4.17743745339748
5.2500000000000036,7.499999999999988,-4.127147835229216
5.300000000000004,7.499999999999988,-4.0769366075503015
5.350000000000004,7.499999999999988,-4.026881043675313
5.400000000000004,7.499999999999988,-3.977051489394597
5.450000000000004,7.499999999999988,-3.9275116543833226
5.5000000000000036,7.499999999999988,-3.8783189292758324
5.550000000000004,7.499999999999988,-3.829524720365944
5.600000000000004,7.499999999999988,-3.781174794953652
5.650000000000004,7.499999999999988,-3.7333096313723937
5.700000000000005,7.499999999999988,-3.6859647686803347
5.750000000000004,7.499999999999988,-3.639171151872016
5.800000000000004,7.499999999999988,-3.592955469256585
5.850000000000004,7.499999999999988,-3.5473404793532786
5.900000000000004,7.499999999999988,-3.5023453252743986
5.950000000000005,7.499999999999988,-3.457985835104049
1.0,7.549999999999987,-2.8895898357151824
1.05,7.549999999999987,-2.9239096133169964
1.1,7.549999999999987,-2.9588342232497453
1.1500000000000001,7.549999999999987,-2.9943695308509524
1.2000000000000002,7.549999999999987,-3.0305206567721465
1.2500000000000002,7.549999999999987,-3.067291873369175
1.3000000000000003,7.549999999999987,-3.1046864915954213
1.3500000000000003,7.549999999999987,-3.142706737794494
1.4000000000000004,7.549999999999987,-3.181353619794086
1.4500000000000004,7.549999999999987,-3.2206267817190213
1.5000000000000004,7.549999999999987,-3.2605243469712226
1.5500000000000005,7.549999999999987,-3.301042748870593
1.6000000000000005,7.549999999999987,-3.342176548516631
1.6500000000000006,7.549999999999987,-3.3839182395197294
1.7000000000000006,7.549999999999987,-3.426258039367494
1.7500000000000007,7.549999999999987,-3.469183667339494
1.8000000000000007,7.549999999999987,-3.5126801090681914
1.8500000000000008,7.549999999999987,-3.556729368069492
1.9000000000000008,7.549999999999987,-3.6013102048383794
1.9500000000000008,7.549999999999987,-3.6463978644284643
2.000000000000001,7.549999999999987,-3.691963793814017
2.0500000000000007,7.549999999999987,-3.737975350773156
2.100000000000001,7.549999999999987,-3.784395506535114
2.1500000000000012,7.549999999999987,-3.8311825450046832
2.200000000000001,7.549999999999987,-3.8782897620136945
2.250000000000001,7.549999999999987,-3.92566516875016
2.300000000000001,7.549999999999987,-3.9732512042755492
2.3500000000000014,7.549999999999987,-4.02098446285005
2.4000000000000012,7.549999999999987,-4.068795442630649
2.450000000000001,7.549999999999987,-4.116608323167945
2.5000000000000013,7.549999999999987,-4.164340779978649
2.5500000000000016,7.549999999999987,-4.21190384527904
2.6000000000000014,7.549999999999987,-4.2592018246896854
2.6500000000000012,7.549999999999987,-4.306132280315885
2.7000000000000015,7.549999999999987,-4.352586091016798
2.7500000000000018,7.549999999999987,-4.398447600838211
2.8000000000000016,7.549999999999987,-4.443594866434738
2.8500000000000014,7.549999999999987,-4.487900013780574
2.9000000000000017,7.549999999999987,-4.531229713499908
2.950000000000002,7.549999999999987,-4.573445782681749
3.0000000000000018,7.549999999999987,-4.614405919034982
3.0500000000000016,7.549999999999987,-4.653964570662001
3.100000000000002,7.549999999999987,-4.691973941583317
3.150000000000002,7.549999999999987,-4.728285129461876
3.200000000000002,7.549999999999987,-4.762749387822998
3.2500000000000018,7.549999999999987,-4.795219500552498
3.300000000000002,7.549999999999987,-4.825551251732819
3.3500000000000023,7.549999999999987,-4.853604969135704
3.400000000000002,7.549999999999987,-4.879247115155168
3.450000000000002,7.549999999999987,-4.902351894885662
3.500000000000002,7.549999999999987,-4.922802847686488
3.5500000000000025,7.549999999999987,-4.940494386176907
3.6000000000000023,7.549999999999987,-4.955333245401484
3.650000000000002,7.549999999999987,-4.967239805069479
3.7000000000000024,7.549999999999987,-4.976149249416106
3.7500000000000027,7.549999999999987,-4.982012532386293
3.8000000000000025,7.549999999999987,-4.98479712044075
3.8500000000000023,7.549999999999987,-4.98448749117336
3.9000000000000026,7.549999999999987,-4.981085372863982
3.950000000000003,7.549999999999987,-4.974609717753657
4.000000000000003,7.549999999999987,-4.965096409849039
4.0500000000000025,7.549999999999987,-4.952597716042581
4.100000000000003,7.549999999999987,-4.937181496880752
4.150000000000003,7.549999999999987,-4.918930200061737
4.200000000000003,7.549999999999987,-4.897939665392222
4.250000000000003,7.549999999999987,-4.874317774252216
4.3000000000000025,7.549999999999987,-4.8481829794699784
4.350000000000003,7.549999999999987,-4.819662752851996
4.400000000000003,7.549999999999987,-4.788891987492223
4.450000000000003,7.549999999999987,-4.756011390525493
4.5000000000000036,7.549999999999987,-4.721165899380874
4.550000000000003,7.549999999999987,-4.684503151063185
4.600000000000003,7.549999999999987,-4.646172029800207
4.650000000000003,7.549999999999987,-4.606321313797696
4.700000000000003,7.549999999999987,-4.56509843708971
4.7500000000000036,7.549999999999987,-4.522648377776786
4.800000000000003,7.549999999999987,-4.479112679492621
4.850000000000003,7.549999999999987,-4.434628608873442
4.900000000000004,7.549999999999987,-4.389328448224038
4.950000000000004,7.549999999999987,-4.343338919540632
5.0000000000000036,7.549999999999987,-4.2967807335881
5.050000000000003,7.549999999999987,-4.249768255831227
5.100000000000003,7.549999999999987,-4.202409279657148
5.150000000000004,7.549999999999987,-4.154804896451159
5.200000000000004,7.549999999999987,-4.107049451642203
5.2500000000000036,7.549999999999987,-4.059230575752677
5.300000000000004,7.549999999999987,-4.011429279703627
5.350000000000004,7.549999999999987,-3.963720104076665
5.400000000000004,7.549999999999987,-3.9161713126584736
5.450000000000004,7.549999999999987,-3.8688451213390573
5.5000000000000036,7.549999999999987,-3.8217979542547016
5.550000000000004,7.549999999999987,-3.775080719922083
5.600000000000004,7.549999999999987,-3.7287391009696904
5.650000000000004,7.549999999999987,-3.6828138519119498
5.700000000000005,7.549999999999987,-3.6373411002118896
5.750000000000004,7.549999999999987,-3.592352646626793
5.800000000000004,7.549999999999987,-3.5478762615195905
5.850000000000004,7.549999999999987,-3.503935974442255
5.900000000000004,7.549999999999987,-3.460552354854381
5.950000000000005,7.549999999999987,-3.4177427823312927
1.0,7.599999999999987,-2.865395854794742
1.05,7.599999999999987,-2.8988507934492387
1.1,7.599999999999987,-2.9328746874071854
1.1500000000000001,7.599999999999987,-2.9674719309192543
1.2000000000000002,7.599999999999987,-3.002646136907395
1.2500000000000002,7.599999999999987,-3.0384000367433166
1.3000000000000003,7.599999999999987,-3.0747353713740786
1.3500000000000003,7.599999999999987,-3.111652773306181
1.4000000000000004,7.599999999999987,-3.149151638975228
1.4500000000000004,7.599999999999987,-3.1872299910552035
1.5000000000000004,7.599999999999987,-3.225884330301639
1.5500000000000005,7.599999999999987,-3.2651094765792124
1.6000000000000005,7.599999999999987,-3.304898398799277
1.6500000000000006,7.599999999999987,-3.345242033589698
1.7000000000000006,7.599999999999987,-3.3861290926414185
1.7500000000000007,7.599999999999987,-3.4275458588271395
1.8000000000000007,7.599999999999987,-3.4694759713710432
1.8500000000000008,7.599999999999987,-3.5119002005685367
1.9000000000000008,7.599999999999987,-3.554796212815468
1.9500000000000008,7.599999999999987,-3.5981383270106715
2.000000000000001,7.599999999999987,-3.641897263747536
2.0500000000000007,7.599999999999987,-3.6860398891119974
2.100000000000001,7.599999999999987,-3.7305289553577845
2.1500000000000012,7.599999999999987,-3.775322841235094
2.200000000000001,7.599999999999987,-3.8203752953047747
2.250000000000001,7.599999999999987,-3.865635186172799
2.300000000000001,7.599999999999987,-3.9110462642226325
2.3500000000000014,7.599999999999987,-3.956546940096137
2.4000000000000012,7.599999999999987,-4.002070085862683
2.450000000000001,7.599999999999987,-4.0475428655025505
2.5000000000000013,7.599999999999987,-4.092886601990609
2.5500000000000016,7.599999999999987,-4.138016688870487
2.6000000000000014,7.599999999999987,-4.182842554723056
2.6500000000000012,7.599999999999987,-4.227267689315939
2.7000000000000015,7.599999999999987,-4.271189740427939
2.7500000000000018,7.599999999999987,-4.314500690325171
2.8000000000000016,7.599999999999987,-4.357087120573888
2.8500000000000014,7.599999999999987,-4.398830573258553
2.9000000000000017,7.599999999999987,-4.439608015686374
2.950000000000002,7.599999999999987,-4.479292414262356
3.0000000000000018,7.599999999999987,-4.517753421384963
3.0500000000000016,7.599999999999987,-4.5548581769307415
3.100000000000002,7.599999999999987,-4.5904722231774056
3.150000000000002,7.599999999999987,-4.624460528894704
3.200000000000002,7.599999999999987,-4.656688614875693
3.2500000000000018,7.599999999999987,-4.687023769483835
3.300000000000002,7.599999999999987,-4.7153363389804035
3.3500000000000023,7.599999999999987,-4.741501073627697
3.400000000000002,7.599999999999987,-4.76539850701526
3.450000000000002,7.599999999999987,-4.78691634292274
3.500000000000002,7.599999999999987,-4.805950821512074
3.5500000000000025,7.599999999999987,-4.822408034922069
3.6000000000000023,7.599999999999987,-4.836205161585027
3.650000000000002,7.599999999999987,-4.8472715889239275
3.7000000000000024,7.599999999999987,-4.8555498955942324
3.7500000000000027,7.599999999999987,-4.860996667118209
3.8000000000000025,7.599999999999987,-4.863583122564727
3.8500000000000023,7.599999999999987,-4.863295534727209
3.9000000000000026,7.599999999999987,-4.860135431854784
3.950000000000003,7.599999999999987,-4.854119575151273
4.000000000000003,7.599999999999987,-4.845279712688933
4.0500000000000025,7.599999999999987,-4.833662116785555
4.100000000000003,7.599999999999987,-4.819326917963417
4.150000000000003,7.599999999999987,-4.802347254068625
4.200000000000003,7.599999999999987,-4.782808257743464
4.250000000000003,7.599999999999987,-4.760805909033173
4.3000000000000025,7.599999999999987,-4.736445782359076
4.350000000000003,7.599999999999987,-4.7098417183590895
4.400000000000003,7.599999999999987,-4.681114451209313
4.450000000000003,7.599999999999987,-4.650390221082187
4.5000000000000036,7.599999999999987,-4.617799399502668
4.550000000000003,7.599999999999987,-4.583475152704785
4.600000000000003,7.599999999999987,-4.547552164858542
4.650000000000003,7.599999999999987,-4.510165439429568
4.700000000000003,7.599999999999987,-4.471449193142794
4.7500000000000036,7.599999999999987,-4.431535853221733
4.800000000000003,7.599999999999987,-4.390555164916624
4.850000000000003,7.599999999999987,-4.34863341293865
4.900000000000004,7.599999999999987,-4.305892757373319
4.950000000000004,7.599999999999987,-4.262450682012638
5.0000000000000036,7.599999999999987,-4.2184195508534685
5.050000000000003,7.599999999999987,-4.17390626676428
5.100000000000003,7.599999999999987,-4.129012025009934
5.150000000000004,7.599999999999987,-4.083832153414398
5.200000000000004,7.599999999999987,-4.038456030393621
5.2500000000000036,7.599999999999987,-3.99296707185803
5.300000000000004,7.599999999999987,-3.947442778015819
5.350000000000004,7.599999999999987,-3.9019548313543706
5.400000000000004,7.599999999999987,-3.8565692374895697
5.450000000000004,7.599999999999987,-3.811346501107632
5.5000000000000036,7.599999999999987,-3.7663418298419646
5.550000000000004,7.599999999999987,-3.7216053595950003
5.600000000000004,7.599999999999987,-3.677182395503591
5.650000000000004,7.599999999999987,-3.633113663433718
5.700000000000005,7.599999999999987,-3.5894355675582816
5.750000000000004,7.599999999999987,-3.5461804502071814
5.800000000000004,7.599999999999987,-3.5033768507726997
5.850000000000004,7.599999999999987,-3.461049760999202
5.900000000000004,7.599999999999987,-3.419220874481174
5.950000000000005,7.599999999999987,-3.3779088286366292
1.0,7.649999999999987,-2.8412260131517737
1.05,7.649999999999987,-2.8738318577189843
1.1,7.649999999999987,-2.90697232241567
1.1500000000000001,7.649999999999987,-2.9406504566354275
1.2000000000000002,7.649999999999987,-2.9748685007407665
1.2500000000000002,7.649999999999987,-3.0096277896388552
1.3000000000000003,7.649999999999987,-3.044928648522082
1.3500000000000003,7.649999999999987,-3.0807702803878523
1.4000000000000004,7.649999999999987,-3.117150644976115
1.4500000000000004,7.649999999999987,-3.1540663287981987
1.5000000000000004,7.649999999999987,-3.191512405978576
1.5500000000000005,7.649999999999987,-3.2294822896943867
1.6000000000000005,7.649999999999987,-3.2679675740783773
1.6500000000000006,7.649999999999987,-3.306957866551976
1.7000000000000006,7.649999999999987,-3.3464406106792493
1.7500000000000007,7.649999999999987,-3.386400899782519
1.8000000000000007,7.649999999999987,-3.426821281739275
1.8500000000000008,7.649999999999987,-3.4676815555908354
1.9000000000000008,7.649999999999987,-3.508958560838628
1.9500000000000008,7.649999999999987,-3.5506259605866566
2.000000000000001,7.649999999999987,-3.5926540200106367
2.0500000000000007,7.649999999999987,-3.6350093819967806
2.100000000000001,7.649999999999987,-3.6776548421966653
2.1500000000000012,7.649999999999987,-3.720549126187984
2.200000000000001,7.649999999999987,-3.7636466719116966
2.250000000000001,7.649999999999987,-3.8068974210693396
2.300000000000001,7.649999999999987,-3.8502466237028625
2.3500000000000014,7.649999999999987,-3.893634660733044
2.4000000000000012,7.649999999999987,-3.936996889787797
2.450000000000001,7.649999999999987,-3.9802635201910914
2.5000000000000013,7.649999999999987,-4.0233595234854596
2.5500000000000016,7.649999999999987,-4.066204586300542
2.6000000000000014,7.649999999999987,-4.108713112727208
2.6500000000000012,7.649999999999987,-4.1507942835780725
2.7000000000000015,7.649999999999987,-4.1923521799741925
2.7500000000000018,7.649999999999987,-4.233285978556093
2.8000000000000016,7.649999999999987,-4.273490225236047
2.8500000000000014,7.649999999999987,-4.312855193750894
2.9000000000000017,7.649999999999987,-4.351267334307545
2.950000000000002,7.649999999999987,-4.388609816311368
3.0000000000000018,7.649999999999987,-4.424763167515751
3.0500000000000016,7.649999999999987,-4.45960600992848
3.100000000000002,7.649999999999987,-4.493015890473741
3.150000000000002,7.649999999999987,-4.524870201774448
3.200000000000002,7.649999999999987,-4.555047185547766
3.2500000000000018,7.649999999999987,-4.583427008080086
3.300000000000002,7.649999999999987,-4.609892894172206
3.3500000000000023,7.649999999999987,-4.634332302947297
3.400000000000002,7.649999999999987,-4.656638126135261
3.450000000000002,7.649999999999987,-4.676709887038337
3.500000000000002,7.649999999999987,-4.694454916495545
3.5500000000000025,7.649999999999987,-4.709789480939489
3.6000000000000023,7.649999999999987,-4.722639837199135
3.650000000000002,7.649999999999987,-4.732943189136498
3.7000000000000024,7.649999999999987,-4.740648522562848
3.7500000000000027,7.649999999999987,-4.745717297162287
3.8000000000000025,7.649999999999987,-4.7481239773068715
3.8500000000000023,7.649999999999987,-4.747856387574728
3.9000000000000026,7.649999999999987,-4.744915883329987
3.950000000000003,7.649999999999987,-4.739317331699783
4.000000000000003,7.649999999999987,-4.7310889034697965
4.0500000000000025,7.649999999999987,-4.720271681582436
4.100000000000003,7.649999999999987,-4.706919096829253
4.150000000000003,7.649999999999987,-4.691096205766659
4.200000000000003,7.649999999999987,-4.672878829667763
4.250000000000003,7.649999999999987,-4.652352576311204
4.3000000000000025,7.649999999999987,-4.629611768507594
4.350000000000003,7.649999999999987,-4.6047583044354266
4.400000000000003,7.649999999999987,-4.5779004751124415
4.450000000000003,7.649999999999987,-4.5491517637233745
4.5000000000000036,7.649999999999987,-4.518629650157782
4.550000000000003,7.649999999999987,-4.486454442108286
4.600000000000003,7.649999999999987,-4.452748151584559
4.650000000000003,7.649999999999987,-4.417633432863657
4.700000000000003,7.649999999999987,-4.381232594872736
4.7500000000000036,7.649999999999987,-4.343666697924927
4.800000000000003,7.649999999999987,-4.305054741725809
4.850000000000003,7.649999999999987,-4.265512948737646
4.900000000000004,7.649999999999987,-4.225154144409974
4.950000000000004,7.649999999999987,-4.184087233512815
5.0000000000000036,7.649999999999987,-4.142416769875556
5.050000000000003,7.649999999999987,-4.100242615253253
5.100000000000003,7.649999999999987,-4.057659681808651
5.150000000000004,7.649999999999987,-4.014757751795338
5.200000000000004,7.649999999999987,-3.9716213674278666
5.2500000000000036,7.649999999999987,-3.9283297835944575
5.300000000000004,7.649999999999987,-3.8849569759694775
5.350000000000004,7.649999999999987,-3.8415716971773506
5.400000000000004,7.649999999999987,-3.7982375739088265
5.450000000000004,7.649999999999987,-3.7550132382586825
5.5000000000000036,7.649999999999987,-3.7119524870081766
5.550000000000004,7.649999999999987,-3.66910446308719
5.600000000000004,7.649999999999987,-3.6265138539951494
5.650000000000004,7.649999999999987,-3.5842211025160027
5.700000000000005,7.649999999999987,-3.5422626256142125
5.750000000000004,7.649999999999987,-3.5006710379329324
5.800000000000004,7.649999999999987,-3.459475376822792
5.850000000000004,7.649999999999987,-3.4187013263032586
5.900000000000004,7.649999999999987,-3.3783714377940837
5.950000000000005,7.649999999999987,-3.3385053458496365
1.0,7.699999999999987,-2.817098573131858
1.05,7.699999999999987,-2.848871509020434
1.1,7.699999999999987,-2.8811462460205517
1.1500000000000001,7.699999999999987,-2.913924608108536
1.2000000000000002,7.699999999999987,-2.9472075905262765
1.2500000000000002,7.699999999999987,-2.980995267462186
1.3000000000000003,7.699999999999987,-3.015286692681041
1.3500000000000003,7.699999999999987,-3.0500797928086576
1.4000000000000004,7.699999999999987,-3.0853712530078985
1.4500000000000004,7.699999999999987,-3.121156394823567
1.5000000000000004,7.699999999999987,-3.157429046027142
1.5500000000000005,7.699999999999987,-3.1941814023600124
1.6000000000000005,7.699999999999987,-3.2314038811577426
1.6500000000000006,7.699999999999987,-3.269084966940338
1.7000000000000006,7.699999999999987,-3.307211049176528
1.7500000000000007,7.699999999999987,-3.345766252576243
1.8000000000000007,7.699999999999987,-3.3847322604368273
1.8500000000000008,7.699999999999987,-3.424088131767457
1.9000000000000008,7.699999999999987,-3.463810113144532
1.9500000000000008,7.699999999999987,-3.5038714465101295
2.000000000000001,7.699999999999987,-3.544242174417023
2.0500000000000007,7.699999999999987,-3.584888944547566
2.100000000000001,7.699999999999987,-3.6257748156892706
2.1500000000000012,7.699999999999987,-3.666859067735345
2.200000000000001,7.699999999999987,-3.708097018690303
2.250000000000001,7.699999999999987,-3.7494398520937873
2.300000000000001,7.699999999999987,-3.7908344587225433
2.3500000000000014,7.699999999999987,-3.8322232968810352
2.4000000000000012,7.699999999999987,-3.8735442760328636
2.450000000000001,7.699999999999987,-3.9147306689421635
2.5000000000000013,7.699999999999987,-3.9557110578676684
2.5500000000000016,7.699999999999987,-3.996409320660134
2.6000000000000014,7.699999999999987,-4.036744662831401
2.6500000000000012,7.699999999999987,-4.0766317017630405
2.7000000000000015,7.699999999999987,-4.115980609175032
2.7500000000000018,7.699999999999987,-4.1546973177502515
2.8000000000000016,7.699999999999987,-4.192683797379189
2.8500000000000014,7.699999999999987,-4.229838405824248
2.9000000000000017,7.699999999999987,-4.2660563176815085
2.950000000000002,7.699999999999987,-4.301230034324064
3.0000000000000018,7.699999999999987,-4.335249976038534
3.0500000000000016,7.699999999999987,-4.368005155820235
3.100000000000002,7.699999999999987,-4.399383932292623
3.150000000000002,7.699999999999987,-4.429274836998535
3.200000000000002,7.699999999999987,-4.457567468927936
3.2500000000000018,7.699999999999987,-4.484153446670093
3.300000000000002,7.699999999999987,-4.50892740609531
3.3500000000000023,7.699999999999987,-4.5317880290844785
3.400000000000002,7.699999999999987,-4.552639086646386
3.450000000000002,7.699999999999987,-4.571390477910581
3.500000000000002,7.699999999999987,-4.587959245073332
3.5500000000000025,7.699999999999987,-4.60227054351254
3.6000000000000023,7.699999999999987,-4.614258546063413
3.650000000000002,7.699999999999987,-4.623867260924231
3.7000000000000024,7.699999999999987,-4.631051243872901
3.7500000000000027,7.699999999999987,-4.635776187415242
3.8000000000000025,7.699999999999987,-4.638019372110892
3.8500000000000023,7.699999999999987,-4.63776996854882
3.9000000000000026,7.699999999999987,-4.635029182152193
3.950000000000003,7.699999999999987,-4.629810237032506
4.000000000000003,7.699999999999987,-4.622138199315446
4.0500000000000025,7.699999999999987,-4.612049644545216
4.100000000000003,7.699999999999987,-4.599592177760887
4.150000000000003,7.699999999999987,-4.584823818460835
4.200000000000003,7.699999999999987,-4.567812265785672
4.250000000000003,7.699999999999987,-4.548634061743545
4.3000000000000025,7.699999999999987,-4.527373672098426
4.350000000000003,7.699999999999987,-4.5041225056057055
4.400000000000003,7.699999999999987,-4.47897789261302
4.450000000000003,7.699999999999987,-4.45204204368657
4.5000000000000036,7.699999999999987,-4.423421007943996
4.550000000000003,7.699999999999987,-4.393223649267359
4.600000000000003,7.699999999999987,-4.361560656642886
4.650000000000003,7.699999999999987,-4.328543602644839
4.700000000000003,7.699999999999987,-4.294284061666061
4.7500000000000036,7.699999999999987,-4.258892797008363
4.800000000000003,7.699999999999987,-4.222479023481487
4.850000000000003,7.699999999999987,-4.185149749804327
4.900000000000004,7.699999999999987,-4.147009202923996
4.950000000000004,7.699999999999987,-4.108158334416857
5.0000000000000036,7.699999999999987,-4.068694407443192
5.050000000000003,7.699999999999987,-4.028710661310377
5.100000000000003,7.699999999999987,-3.9882960495610127
5.150000000000004,7.699999999999987,-3.9475350466337487
5.200000000000004,7.699999999999987,-3.906507517528271
5.2500000000000036,7.699999999999987,-3.8652886445180776
5.300000000000004,7.699999999999987,-3.823948904767926
5.350000000000004,7.699999999999987,-3.782554092697099
5.400000000000004,7.699999999999987,-3.741165381055205
5.450000000000004,7.699999999999987,-3.699839414915036
5.5000000000000036,7.699999999999987,-3.658628433109998
5.550000000000004,7.699999999999987,-3.6175804120275066
5.600000000000004,7.699999999999987,-3.5767392270931078
5.650000000000004,7.699999999999987,-3.536144827724664
5.700000000000005,7.699999999999987,-3.495833421986707
5.750000000000004,7.699999999999987,-3.455837667619775
5.800000000000004,7.699999999999987,-3.4161868665488915
5.850000000000004,7.699999999999987,-3.3769071603822596
5.900000000000004,7.699999999999987,-3.338021724790916
5.950000000000005,7.699999999999987,-3.299550961009372
1.0,7.749999999999987,-2.793030667760123
1.05,7.749999999999987,-2.8239872404646666
1.1,7.749999999999987,-2.855414281323178
1.1500000000000001,7.749999999999987,-2.887312501541853
1.2000000000000002,7.749999999999987,-2.9196817710018315
1.2500000000000002,7.749999999999987,-2.952521030264389
1.3000000000000003,7.749999999999987,-2.985828196270071
1.3500000000000003,7.749999999999987,-3.0196000615183545
1.4000000000000004,7.749999999999987,-3.0538321865495686
1.4500000000000004,7.749999999999987,-3.08851878559607
1.5000000000000004,7.749999999999987,-3.1236526053264453
1.5500000000000005,7.749999999999987,-3.159224796676483
1.6000000000000005,7.749999999999987,-3.195224779845474
1.6500000000000006,7.749999999999987,-3.2316401026378365
1.7000000000000006,7.749999999999987,-3.2684562924499456
1.7500000000000007,7.749999999999987,-3.3056567023420715
1.8000000000000007,7.749999999999987,-3.3432223517972885
1.8500000000000008,7.749999999999987,-3.3811317629545217
1.9000000000000008,7.749999999999987,-3.419360793312871
1.9500000000000008,7.749999999999987,-3.4578824661397944
2.000000000000001,7.749999999999987,-3.496666800076953
2.0500000000000007,7.749999999999987,-3.5356806397240885
2.100000000000001,7.749999999999987,-3.574887489291875
2.1500000000000012,7.749999999999987,-3.6142473517467777
2.200000000000001,7.749999999999987,-3.653716576220718
2.250000000000001,7.749999999999987,-3.693247716820274
2.300000000000001,7.749999999999987,-3.7327894063370213
2.3500000000000014,7.749999999999987,-3.7722862487229234
2.4000000000000012,7.749999999999987,-3.8116787345409175
2.450000000000001,7.749999999999987,-3.8509031839168766
2.5000000000000013,7.749999999999987,-3.8898917217886537
2.5500000000000016,7.749999999999987,-3.928572290452197
2.6000000000000014,7.749999999999987,-3.9668687045229873
2.6500000000000012,7.749999999999987,-4.004700753441041
2.7000000000000015,7.749999999999987,-4.041984356526108
2.7500000000000018,7.749999999999987,-4.078631775313284
2.8000000000000016,7.749999999999987,-4.11455188744604
2.8500000000000014,7.749999999999987,-4.149650525754165
2.9000000000000017,7.749999999999987,-4.183830885283318
2.950000000000002,7.749999999999987,-4.2169939999618276
3.0000000000000018,7.749999999999987,-4.249039289288111
3.0500000000000016,7.749999999999987,-4.279865173907752
3.100000000000002,7.749999999999987,-4.309369757243325
3.150000000000002,7.749999999999987,-4.337451568475965
3.200000000000002,7.749999999999987,-4.3640103602022435
3.2500000000000018,7.749999999999987,-4.388947952063318
3.300000000000002,7.749999999999987,-4.412169109637947
3.3500000000000023,7.749999999999987,-4.433582445989295
3.400000000000002,7.749999999999987,-4.45310133154668
3.450000000000002,7.749999999999987,-4.470644796579217
3.500000000000002,7.749999999999987,-4.486138409467568
3.5500000000000025,7.749999999999987,-4.499515113382965
3.6000000000000023,7.749999999999987,-4.51071600390505
3.650000000000002,7.749999999999987,-4.519691030597372
3.7000000000000024,7.749999999999987,-4.52639960663196
3.7500000000000027,7.749999999999987,-4.530811112204348
3.8000000000000025,7.749999999999987,-4.532905279669287
3.8500000000000023,7.749999999999987,-4.532672450987592
3.9000000000000026,7.749999999999987,-4.530113701110799
3.950000000000003,7.749999999999987,-4.525240824225832
4.000000000000003,7.749999999999987,-4.518076183203524
4.0500000000000025,7.749999999999987,-4.508652426002447
4.100000000000003,7.749999999999987,-4.49701207603335
4.150000000000003,7.749999999999987,-4.483207006459308
4.200000000000003,7.749999999999987,-4.46729781097937
4.250000000000003,7.749999999999987,-4.449353085729139
4.3000000000000025,7.749999999999987,-4.429448638468229
4.350000000000003,7.749999999999987,-4.40766664217979
4.400000000000003,7.749999999999987,-4.3840947505790995
4.450000000000003,7.749999999999987,-4.358825192842358
4.5000000000000036,7.749999999999987,-4.331953864173234
4.550000000000003,7.749999999999987,-4.303579427692466
4.600000000000003,7.749999999999987,-4.273802441647476
4.650000000000003,7.749999999999987,-4.242724524184221
4.700000000000003,7.749999999999987,-4.210447565994178
4.7500000000000036,7.749999999999987,-4.177072999133376
4.800000000000003,7.749999999999987,-4.1427011282886355
4.850000000000003,7.749999999999987,-4.1074305288085835
4.900000000000004,7.749999999999987,-4.071357513981269
4.950000000000004,7.749999999999987,-4.034575672370297
5.0000000000000036,7.749999999999987,-3.9971754745482517
5.050000000000003,7.749999999999987,-3.9592439473077548
5.100000000000003,7.749999999999987,-3.920864412393861
5.150000000000004,7.749999999999987,-3.8821162859839085
5.200000000000004,7.749999999999987,-3.843074934532038
5.2500000000000036,7.749999999999987,-3.803811582179403
5.300000000000004,7.749999999999987,-3.7643932646874867
5.350000000000004,7.749999999999987,-3.7248828247584918
5.400000000000004,7.749999999999987,-3.685338943640271
5.450000000000004,7.749999999999987,-3.6458162040504893
5.5000000000000036,7.749999999999987,-3.6063651796736202
5.550000000000004,7.749999999999987,-3.567032546764632
5.600000000000004,7.749999999999987,-3.527861213716549
5.650000000000004,7.749999999999987,-3.4888904647995407
5.700000000000005,7.749999999999987,-3.4501561146432955
5.750000000000004,7.749999999999987,-3.4116906704009824
5.800000000000004,7.749999999999987,-3.373523498893119
5.850000000000004,7.749999999999987,-3.335680996376313
5.900000000000004,7.749999999999987,-3.29818675890985
5.950000000000005,7.749999999999987,-3.26106175159906
1.0,7.7999999999999865,-2.76903833135827
1.05,7.7999999999999865,-2.799195371608758
1.1,7.7999999999999865,-2.829792999293701
1.1500000000000001,7.7999999999999865,-2.860830918761237
1.2000000000000002,7.7999999999999865,-2.8923079867275536
1.2500000000000002,7.7999999999999865,-2.924222128747835
1.3000000000000003,7.7999999999999865,-2.956570250083561
1.3500000000000003,7.7999999999999865,-2.9893481408229325
1.4000000000000004,7.7999999999999865,-3.022550375149602
1.4500000000000004,7.7999999999999865,-3.0561702047027017
1.5000000000000004,7.7999999999999865,-3.090199446029685
1.5500000000000005,7.7999999999999865,-3.1246283622039934
1.6000000000000005,7.7999999999999865,-3.1594455387635403
1.6500000000000006,7.7999999999999865,-3.1946377542247206
1.7000000000000006,7.7999999999999865,-3.2301898455415987
1.7500000000000007,7.7999999999999865,-3.266084569012382
1.8000000000000007,7.7999999999999865,-3.3023024572864297
1.8500000000000008,7.7999999999999865,-3.3388216732958416
1.9000000000000008,7.7999999999999865,-3.3756178621268766
1.9500000000000008,7.7999999999999865,-3.4126640020581807
2.000000000000001,7.7999999999999865,-3.4499302562249374
2.0500000000000007,7.7999999999999865,-3.4873838266195256
2.100000000000001,7.7999999999999865,-3.524988812408274
2.1500000000000012,7.7999999999999865,-3.5627060748276502
2.200000000000001,7.7999999999999865,-3.600493111217628
2.250000000000001,7.7999999999999865,-3.638303941049652
2.300000000000001,7.7999999999999865,-3.676089007104537
2.3500000000000014,7.7999999999999865,-3.7137950952432464
2.4000000000000012,7.7999999999999865,-3.751365276480194
2.450000000000001,7.7999999999999865,-3.7887388753023457
2.5000000000000013,7.7999999999999865,-3.825851468363743
2.5500000000000016,7.7999999999999865,-3.8626349178085477
2.6000000000000014,7.7999999999999865,-3.899017443519111
2.6500000000000012,7.7999999999999865,-3.934923738530963
2.7000000000000015,7.7999999999999865,-3.970275131685787
2.7500000000000018,7.7999999999999865,-4.004989801288455
2.8000000000000016,7.7999999999999865,-4.038983043079078
2.8500000000000014,7.7999999999999865,-4.072167595211948
2.9000000000000017,7.7999999999999865,-4.10445402214093
2.950000000000002,7.7999999999999865,-4.135751158341157
3.0000000000000018,7.7999999999999865,-4.1659666116524665
3.0500000000000016,7.7999999999999865,-4.195007324722029
3.100000000000002,7.7999999999999865,-4.222780191572198
3.150000000000002,7.7999999999999865,-4.249192724755198
3.200000000000002,7.7999999999999865,-4.274153766919425
3.2500000000000018,7.7999999999999865,-4.297574238953678
3.300000000000002,7.7999999999999865,-4.319367915254938
3.3500000000000023,7.7999999999999865,-4.339452215148984
3.400000000000002,7.7999999999999865,-4.357748998151881
3.450000000000002,7.7999999999999865,-4.374185349665758
3.500000000000002,7.7999999999999865,-4.388694342922511
3.5500000000000025,7.7999999999999865,-4.401215762584903
3.6000000000000023,7.7999999999999865,-4.411696775434258
3.650000000000002,7.7999999999999865,-4.420092534049947
3.7000000000000024,7.7999999999999865,-4.426366700330578
3.7500000000000027,7.7999999999999865,-4.43049187711068
3.8000000000000025,7.7999999999999865,-4.432449937956967
3.8500000000000023,7.7999999999999865,-4.432232247429775
3.9000000000000026,7.7999999999999865,-4.429839766592164
3.950000000000003,7.7999999999999865,-4.425283041249125
4.000000000000003,7.7999999999999865,-4.4185820731980945
4.0500000000000025,7.7999999999999865,-4.409766077559707
4.100000000000003,7.7999999999999865,-4.398873131925051
4.150000000000003,7.7999999999999865,-4.38594972550049
4.200000000000003,7.7999999999999865,-4.371050218563764
4.250000000000003,7.7999999999999865,-4.354236224293892
4.3000000000000025,7.7999999999999865,-4.335575926351244
4.350000000000003,7.7999999999999865,-4.315143346435208
4.400000000000003,7.7999999999999865,-4.293017576429915
4.450000000000003,7.7999999999999865,-4.269281989680324
4.5000000000000036,7.7999999999999865,-4.244023445457272
4.550000000000003,7.7999999999999865,-4.217331499822304
4.600000000000003,7.7999999999999865,-4.189297634953389
4.650000000000003,7.7999999999999865,-4.160014517610734
4.700000000000003,7.7999999999999865,-4.129575295879032
4.7500000000000036,7.7999999999999865,-4.098072941689164
4.800000000000003,7.7999999999999865,-4.065599644963719
4.850000000000003,7.7999999999999865,-4.0322462636045735
4.900000000000004,7.7999999999999865,-3.9981018319960846
4.950000000000004,7.7999999999999865,-3.9632531292725677
5.0000000000000036,7.7999999999999865,-3.9277843073221548
5.050000000000003,7.7999999999999865,-3.8917765773891047
5.100000000000003,7.7999999999999865,-3.855307953202371
5.150000000000004,7.7999999999999865,-3.8184530478010914
5.200000000000004,7.7999999999999865,-3.781282920642335
5.2500000000000036,7.7999999999999865,-3.743864971152458
5.300000000000004,7.7999999999999865,-3.706262874606705
5.350000000000004,7.7999999999999865,-3.6685365560754963
5.400000000000004,7.7999999999999865,-3.6307421981423187
5.450000000000004,7.7999999999999865,-3.592932278159
5.5000000000000036,7.7999999999999865,-3.5551556309414805
5.550000000000004,7.7999999999999865,-3.5174575330062425
5.600000000000004,7.7999999999999865,-3.4798798046888537
5.650000000000004,7.7999999999999865,-3.4424609267579127
5.700000000000005,7.7999999999999865,-3.4052361684280923
5.750000000000004,7.7999999999999865,-3.3682377239749224
5.800000000000004,7.7999999999999865,-3.331494855453055
5.850000000000004,7.7999999999999865,-3.2950340393124424
5.900000000000004,7.7999999999999865,-3.258879114987895
5.950000000000005,7.7999999999999865,-3.223051433803233
1.0,7.849999999999986,-2.7451365326111516
1.05,7.849999999999986,-2.774511087034579
1.1,7.849999999999986,-2.804297763483896
1.1500000000000001,7.849999999999986,-2.834495358734865
1.2000000000000002,7.849999999999986,-2.8651018211374013
1.2500000000000002,7.849999999999986,-2.896114171627045
1.3000000000000003,7.849999999999986,-2.9275284197901277
1.3500000000000003,7.849999999999986,-2.959339474899962
1.4000000000000004,7.849999999999986,-2.991541051881745
1.4500000000000004,7.849999999999986,-3.024125572212945
1.5000000000000004,7.849999999999986,-3.0570840598248186
1.5500000000000005,7.849999999999986,-3.0904060321404154
1.6000000000000005,7.849999999999986,-3.1240793864661045
1.6500000000000006,7.849999999999986,-3.1580902820483905
1.7000000000000006,7.849999999999986,-3.1924230182165934
1.7500000000000007,7.849999999999986,-3.2270599091557943
1.8000000000000007,7.849999999999986,-3.2619811559940493
1.8500000000000008,7.849999999999986,-3.2971647170438185
1.9000000000000008,7.849999999999986,-3.3325861772100582
1.9500000000000008,7.849999999999986,-3.36821861776629
2.000000000000001,7.849999999999986,-3.404032487904518
2.0500000000000007,7.849999999999986,-3.4399954796838035
2.100000000000001,7.849999999999986,-3.4760724082334127
2.1500000000000012,7.849999999999986,-3.512225099306919
2.200000000000001,7.849999999999986,-3.548412286529194
2.250000000000001,7.849999999999986,-3.584589520923868
2.300000000000001,7.849999999999986,-3.6207090955479493
2.3500000000000014,7.849999999999986,-3.6567199882850536
2.4000000000000012,7.849999999999986,-3.692567826049869
2.450000000000001,7.849999999999986,-3.728194873823414
2.5000000000000013,7.849999999999986,-3.763540052059262
2.5500000000000016,7.849999999999986,-3.7985389860623235
2.6000000000000014,7.849999999999986,-3.8331240909297986
2.6500000000000012,7.849999999999986,-3.8672246955444463
2.7000000000000015,7.849999999999986,-3.9007672089089267
2.7500000000000018,7.849999999999986,-3.9336753317934376
2.8000000000000016,7.849999999999986,-3.965870316225344
2.8500000000000014,7.849999999999986,-3.997271274769947
2.9000000000000017,7.849999999999986,-4.027795540830404
2.950000000000002,7.849999999999986,-4.0573590803315005
3.0000000000000018,7.849999999999986,-4.085876954151301
3.0500000000000016,7.849999999999986,-4.113263829538627
3.100000000000002,7.849999999999986,-4.139434537521861
3.150000000000002,7.849999999999986,-4.164304672002963
3.200000000000002,7.849999999999986,-4.187791224874669
3.2500000000000018,7.849999999999986,-4.209813250141233
3.300000000000002,7.849999999999986,-4.2302925487123675
3.3500000000000023,7.849999999999986,-4.249154364330124
3.400000000000002,7.849999999999986,-4.26632808003514
3.450000000000002,7.849999999999986,-4.281747903738193
3.500000000000002,7.849999999999986,-4.295353530887564
3.5500000000000025,7.849999999999986,-4.307090771958537
3.6000000000000023,7.849999999999986,-4.316912132573822
3.650000000000002,7.849999999999986,-4.324777334515928
3.7000000000000024,7.849999999999986,-4.330653766721395
3.7500000000000027,7.849999999999986,-4.3345168565424705
3.8000000000000025,7.849999999999986,-4.3363503530964165
3.8500000000000023,7.849999999999986,-4.336146516351028
3.9000000000000026,7.849999999999986,-4.333906207656574
3.950000000000003,7.849999999999986,-4.329638879655836
4.000000000000003,7.849999999999986,-4.323362465803255
4.0500000000000025,7.849999999999986,-4.315103172014688
4.100000000000003,7.849999999999986,-4.304895175165233
4.150000000000003,7.849999999999986,-4.292780235172971
4.200000000000003,7.849999999999986,-4.278807229180595
4.250000000000003,7.849999999999986,-4.263031617816686
4.3000000000000025,7.849999999999986,-4.24551485464246
4.350000000000003,7.849999999999986,-4.226323750643546
4.400000000000003,7.849999999999986,-4.205529806003531
4.450000000000003,7.849999999999986,-4.183208521406912
4.5000000000000036,7.849999999999986,-4.159438700789394
4.550000000000003,7.849999999999986,-4.134301756821101
4.600000000000003,7.849999999999986,-4.10788102952087
4.650000000000003,7.849999999999986,-4.080261127310644
4.700000000000003,7.849999999999986,-4.0515272985844195
4.7500000000000036,7.849999999999986,-4.021764840542025
4.800000000000003,7.849999999999986,-3.9910585506769407
4.850000000000003,7.849999999999986,-3.959492224957197
4.900000000000004,7.849999999999986,-3.9271482054400524
4.950000000000004,7.849999999999986,-3.8941069788480394
5.0000000000000036,7.849999999999986,-3.860446826531694
5.050000000000003,7.849999999999986,-3.826243525270396
5.100000000000003,7.849999999999986,-3.7915700975276394
5.150000000000004,7.849999999999986,-3.756496609084442
5.200000000000004,7.849999999999986,-3.721090011422893
5.2500000000000036,7.849999999999986,-3.6854140258144636
5.300000000000004,7.849999999999986,-3.649529065775266
5.350000000000004,7.849999999999986,-3.6134921943705067
5.400000000000004,7.849999999999986,-3.577357112769573
5.450000000000004,7.849999999999986,-3.5411741764570666
5.5000000000000036,7.849999999999986,-3.5049904355793866
5.550000000000004,7.849999999999986,-3.468849696037423
5.600000000000004,7.849999999999986,-3.432792598110564
5.650000000000004,7.849999999999986,-3.3968567096039726
5.700000000000005,7.849999999999986,-3.361076630739359
5.750000000000004,7.849999999999986,-3.325484108250538
5.800000000000004,7.849999999999986,-3.2901081563911
5.850000000000004,7.849999999999986,-3.254975182806497
5.900000000000004,7.849999999999986,-3.2201091174616794
5.950000000000005,7.849999999999986,-3.1855315430443243
1.0,7.899999999999986,-2.7213392096032503
1.05,7.899999999999986,-2.7499484767605304
1.1,7.899999999999986,-2.7789427763858807
1.1500000000000001,7.899999999999986,-2.8083200904932504
1.2000000000000002,7.899999999999986,-2.8380775566774465
1.2500000000000002,7.899999999999986,-2.868211393683943
1.3000000000000003,7.899999999999986,-2.898716822643493
1.3500000000000003,7.899999999999986,-2.9295879839404786
1.4000000000000004,7.899999999999986,-2.9608178497252324
1.4500000000000004,7.899999999999986,-2.9923981321298876
1.5000000000000004,7.899999999999986,-3.0243191873053976
1.5500000000000005,7.899999999999986,-3.056569915465227
1.6000000000000005,7.899999999999986,-3.0891376571995757
1.6500000000000006,7.899999999999986,-3.122008086413791
1.7000000000000006,7.899999999999986,-3.1551651003464847
1.7500000000000007,7.899999999999986,-3.1885907072374935
1.8000000000000007,7.899999999999986,-3.2222649123435754
1.8500000000000008,7.899999999999986,-3.2561656031408988
1.9000000000000008,7.899999999999986,-3.2902684347077416
1.9500000000000008,7.899999999999986,-3.3245467164479696
2.000000000000001,7.899999999999986,-3.3589713014947717
2.0500000000000007,7.899999999999986,-3.3935104803232097
2.100000000000001,7.899999999999986,-3.4281298802972198
2.1500000000000012,7.899999999999986,-3.4627923730786647
2.200000000000001,7.899999999999986,-3.4974579920290365
2.250000000000001,7.899999999999986,-3.5320838619335184
2.300000000000001,7.899999999999986,-3.5666241435664174
2.3500000000000014,7.899999999999986,-3.6010299957895
2.4000000000000012,7.899999999999986,-3.6352495580222937
2.450000000000001,7.899999999999986,-3.669227956036961
2.5000000000000013,7.899999999999986,-3.7029073340997116
2.5500000000000016,7.899999999999986,-3.7362269164951494
2.6000000000000014,7.899999999999986,-3.769123101418213
2.6500000000000012,7.899999999999986,-3.8015295900890136
2.7000000000000015,7.899999999999986,-3.833377553728144
2.7500000000000018,7.899999999999986,-3.8645958407137915
2.8000000000000016,7.899999999999986,-3.895111225819154
2.8500000000000014,7.899999999999986,-3.9248487028932395
2.9000000000000017,7.899999999999986,-3.953731821697689
2.950000000000002,7.899999999999986,-3.9816830688481386
3.0000000000000018,7.899999999999986,-4.008624291937203
3.0500000000000016,7.899999999999986,-4.034477164949127
3.100000000000002,7.899999999999986,-4.059163692031216
3.150000000000002,7.899999999999986,-4.082606745588219
3.200000000000002,7.899999999999986,-4.1047306335426645
3.2500000000000018,7.899999999999986,-4.125461689492349
3.300000000000002,7.899999999999986,-4.144728878435463
3.3500000000000023,7.899999999999986,-4.162464409767695
3.400000000000002,7.899999999999986,-4.178604348428404
3.450000000000002,7.899999999999986,-4.193089214428429
3.500000000000002,7.899999999999986,-4.2058645605708955
3.5500000000000025,7.899999999999986,-4.2168815180130945
3.6000000000000023,7.899999999999986,-4.2260972994386155
3.650000000000002,7.899999999999986,-4.233475650030406
3.7000000000000024,7.899999999999986,-4.238987237160824
3.7500000000000027,7.899999999999986,-4.242609970734314
3.8000000000000025,7.899999999999986,-4.2443292474084435
3.8500000000000023,7.899999999999986,-4.2441381134428635
3.9000000000000026,7.899999999999986,-4.242037342634502
3.950000000000003,7.899999999999986,-4.238035427632651
4.000000000000003,7.899999999999986,-4.232148484824478
4.0500000000000025,7.899999999999986,-4.224400074871412
4.100000000000003,7.899999999999986,-4.21482094279198
4.150000000000003,7.899999999999986,-4.203448683162794
4.200000000000003,7.899999999999986,-4.190327337490036
4.250000000000003,7.899999999999986,-4.1755069320423175
4.3000000000000025,7.899999999999986,-4.159042965397971
4.350000000000003,7.899999999999986,-4.1409958556247854
4.400000000000003,7.899999999999986,-4.12143035737092
4.450000000000003,7.899999999999986,-4.100414959208281
4.5000000000000036,7.899999999999986,-4.0780212713524335
4.550000000000003,7.899999999999986,-4.0543234134141715
4.600000000000003,7.899999999999986,-4.029397411153449
4.650000000000003,7.899999999999986,-4.00332061034785
4.700000000000003,7.899999999999986,-3.9761711148990186
4.7500000000000036,7.899999999999986,-3.948027255226345
4.800000000000003,7.899999999999986,-3.9189670918798942
4.850000000000003,7.899999999999986,-3.8890679581836856
4.900000000000004,7.899999999999986,-3.8584060446300352
4.950000000000004,7.899999999999986,-3.8270560267146205
5.0000000000000036,7.899999999999986,-3.795090736952798
5.050000000000003,7.899999999999986,-3.7625808809669623
5.100000000000003,7.899999999999986,-3.729594796793024
5.150000000000004,7.899999999999986,-3.6961982559266597
5.200000000000004,7.899999999999986,-3.662454304117415
5.2500000000000036,7.899999999999986,-3.6284231395177704
5.300000000000004,7.899999999999986,-3.5941620254984996
5.350000000000004,7.899999999999986,-3.5597252352423796
5.400000000000004,7.899999999999986,-3.525164025115413
5.450000000000004,7.899999999999986,-3.490526633777133
5.5000000000000036,7.899999999999986,-3.455858304017834
5.550000000000004,7.899999999999986,-3.421201324389656
5.600000000000004,7.899999999999986,-3.386595087819529
5.650000000000004,7.899999999999986,-3.352076164545239
5.700000000000005,7.899999999999986,-3.3176783868923643
5.750000000000004,7.899999999999986,-3.2834329436016088
5.800000000000004,7.899999999999986,-3.2493684816163864
5.850000000000004,7.899999999999986,-3.215511213443695
5.900000000000004,7.899999999999986,-3.181885028402529
5.950000000000005,7.899999999999986,-3.1485116062698344
1.0,7.949999999999986,-2.697659306385814
1.05,7.949999999999986,-2.7255205780165155
1.1,7.949999999999986,-2.753741126937095
1.1500000000000001,7.949999999999986,-2.7823182069212398
1.2000000000000002,7.949999999999986,-2.81124823547589
1.2500000000000002,7.949999999999986,-2.840526723939272
1.3000000000000003,7.949999999999986,-2.8701482038083133
1.3500000000000003,7.949999999999986,-2.900106149307832
1.4000000000000004,7.949999999999986,-2.930392896255335
1.4500000000000004,7.949999999999986,-2.9609995573238574
1.5000000000000004,7.949999999999986,-2.991915933861832
1.5500000000000005,7.949999999999986,-3.0231304244940977
1.6000000000000005,7.949999999999986,-3.054629930802495
1.6500000000000006,7.949999999999986,-3.086399760468692
1.7000000000000006,7.949999999999986,-3.1184235283563537
1.7500000000000007,7.949999999999986,-3.150683056114914
1.8000000000000007,7.949999999999986,-3.1831582710031836
1.8500000000000008,7.949999999999986,-3.215827104757771
1.9000000000000008,7.949999999999986,-3.2486653934684395
1.9500000000000008,7.949999999999986,-3.2816467795693347
2.000000000000001,7.949999999999986,-3.314742617210329
2.0500000000000007,7.949999999999986,-3.3479218824348607
2.100000000000001,7.949999999999986,-3.3811510897572967
2.1500000000000012,7.949999999999986,-3.4143942169010493
2.200000000000001,7.949999999999986,-3.4476126396247992
2.250000000000001,7.949999999999986,-3.4807650787235906
2.300000000000001,7.949999999999986,-3.5138075614390942
2.3500000000000014,7.949999999999986,-3.5466933996426353
2.4000000000000012,7.949999999999986,-3.579373187258775
2.450000000000001,7.949999999999986,-3.6117948194684395
2.5000000000000013,7.949999999999986,-3.643903536260504
2.5500000000000016,7.949999999999986,-3.6756419928804402
2.6000000000000014,7.949999999999986,-3.706950359645173
2.6500000000000012,7.949999999999986,-3.7377664534457185
2.7000000000000015,7.949999999999986,-3.7680259030352596
2.7500000000000018,7.949999999999986,-3.797662349892794
2.8000000000000016,7.949999999999986,-3.8266076860557074
2.8500000000000014,7.949999999999986,-3.8547923298251856
2.9000000000000017,7.949999999999986,-3.8821455396657685
2.950000000000002,7.949999999999986,-3.908595765947265
3.0000000000000018,7.949999999999986,-3.934071039420764
3.0500000000000016,7.949999999999986,-3.958499394491652
3.100000000000002,7.949999999999986,-3.9818093244676223
3.150000000000002,7.949999999999986,-4.003930265039219
3.200000000000002,7.949999999999986,-4.024793101319997
3.2500000000000018,7.949999999999986,-4.044330692862374
3.300000000000002,7.949999999999986,-4.0624784102063085
3.3500000000000023,7.949999999999986,-4.07917467574594
3.400000000000002,7.949999999999986,-4.094361501049663
3.450000000000002,7.949999999999986,-4.107985012276067
3.500000000000002,7.949999999999986,-4.11999595502294
3.5500000000000025,7.949999999999986,-4.130350169855749
3.6000000000000023,7.949999999999986,-4.139009029904669
3.650000000000002,7.949999999999986,-4.14593983230702
3.7000000000000024,7.949999999999986,-4.1511161359055775
3.7500000000000027,7.949999999999986,-4.1545180384838485
3.8000000000000025,7.949999999999986,-4.156132387906858
3.8500000000000023,7.949999999999986,-4.155952922810247
3.9000000000000026,7.949999999999986,-4.153980339901965
3.950000000000003,7.949999999999986,-4.150222286463244
4.000000000000003,7.949999999999986,-4.144693278206589
4.0500000000000025,7.949999999999986,-4.137414544214238
4.100000000000003,7.949999999999986,-4.128413802186729
4.150000000000003,7.949999999999986,-4.11772496862679
4.200000000000003,7.949999999999986,-4.105387809823553
4.250000000000003,7.949999999999986,-4.091447540548262
4.3000000000000025,7.949999999999986,-4.075954378197114
4.350000000000003,7.949999999999986,-4.058963060701771
4.400000000000003,7.949999999999986,-4.040532336866307
4.450000000000003,7.949999999999986,-4.020724437884258
4.5000000000000036,7.949999999999986,-3.99960453865388
4.550000000000003,7.949999999999986,-3.977240217164688
4.600000000000003,7.949999999999986,-3.9537009197013195
4.650000000000003,7.949999999999986,-3.92905743893385
4.700000000000003,7.949999999999986,-3.9033814111714604
4.7500000000000036,7.949999999999986,-3.8767448381842557
4.800000000000003,7.949999999999986,-3.849219638080638
4.850000000000003,7.949999999999986,-3.82087722879689
4.900000000000004,7.949999999999986,-3.7917881468404753
4.950000000000004,7.949999999999986,-3.7620217030532626
5.0000000000000036,7.949999999999986,-3.7316456763454555
5.050000000000003,7.949999999999986,-3.7007260456104234
5.100000000000003,7.949999999999986,-3.6693267593752408
5.150000000000004,7.949999999999986,-3.637509542177639
5.200000000000004,7.949999999999986,-3.6053337361893223
5.2500000000000036,7.949999999999986,-3.5728561762270266
5.300000000000004,7.949999999999986,-3.540131096002405
5.350000000000004,7.949999999999986,-3.5072100632537873
5.400000000000004,7.949999999999986,-3.4741419412696266
5.450000000000004,7.949999999999986,-3.440972874246497
5.5000000000000036,7.949999999999986,-3.407746293915003
5.550000000000004,7.949999999999986,-3.37450294490582
5.600000000000004,7.949999999999986,-3.3412809264065304
5.650000000000004,7.949999999999986,-3.30811574776974
5.700000000000005,7.949999999999986,-3.27504039586646
5.750000000000004,7.949999999999986,-3.2420854121290725
5.800000000000004,7.949999999999986,-3.2092789773893955
5.850000000000004,7.949999999999986,-3.1766470027842075
5.900000000000004,7.949999999999986,-3.1442132251687687
5.950000000000005,7.949999999999986,-3.111999305644824
